  -2.2137939382926586        2.0844868750351044        27.119544719883116     
  -2.1473676320161443        2.0780482113907914        27.000000000077705     
  -2.0820704828084406        2.0713235009827349        26.881185986825663     
  -2.0178892552196439        2.0643378997789066        26.763095561333142     
  -1.9548105362575532        2.0571156881355228        26.645721554001991     
  -1.8928207515067930        2.0496802925278841        26.529056759636113     
  -1.8319061806635037        2.0420543071549639        26.413093951575565     
  -1.7720529724968008        2.0342595153902265        26.297825894809453     
  -1.7132471592484591        2.0263169110536969        26.183245358117595     
  -1.6554746704824317        2.0182467194826335        26.069345125288919     
  -1.5987213463960022        2.0100684183803827        25.956118005463509     
  -1.5429729506044769        2.0018007584250874        25.843556842643839     
  -1.4882151824113825        1.9934617836218096        25.731654524418587     
  -1.4344336885762290        1.9850688513835011        25.620403989941707     
  -1.3816140745918954        1.9766386523279009        25.509798237207328     
  -1.3297419154837071        1.9681872297790390        25.399830329659949     
  -1.2788027661422494        1.9597299989634893        25.290493402177724     
  -1.2287821712019158        1.9512817658928632        25.181780666465094     
  -1.1796656744771270        1.9428567459253292        25.073685415889802     
  -1.1314388279680745        1.9344685820000871        24.966201029797698     
  -1.0840872004477424        1.9261303625398376        24.859320977337472     
  -1.0375963856418566        1.9178546390172795        24.753038820826010     
 -0.99195201001326538        1.9096534431825851        24.647348218683675     
 -0.94713974016214486        1.9015383039496867        24.542242927967685     
 -0.90314528985324571        1.8935202639399558        24.437716806530204     
 -0.85995442668126509        1.8856098956826115        24.333763814826831     
 -0.81755297838524188        1.8778173174718324        24.230378017399634     
 -0.77592683882271640        1.8701522088811720        24.127553584058056     
 -0.73506197361420211        1.8626238259364074        24.025284790779558     
 -0.69494442546834145        1.8552410159484725        23.923566020350872     
 -0.65556031919792424        1.8480122320085757        23.822391762769822     
 -0.61689586643676031        1.8409455471480307        23.721756615426486     
 -0.57893737006718604        1.8340486681656663        23.621655283081346     
 -0.54167122836780646        1.8273289491260742        23.522082577657503     
 -0.50508393889085867        1.8207934045322081        23.423033417862758     
 -0.46916210207838671        1.8144487221761449        23.324502828656669     
 -0.43389242462621175        1.8083012756720565        23.226485940576772     
 -0.39926172260448328        1.8023571366756366        23.128977988937283     
 -0.36525692434338825        1.7966220867944509        23.031974312913057     
 -0.33186507309239710        1.7911016291938047        22.935470354520540     
 -0.29907332946121779        1.7858009999028879        22.839461657506821     
 -0.26686897365043538        1.7807251788260736        22.743943866157394     
 -0.23523940747961039        1.7758789004643596        22.648912724032424     
 -0.20417215622040988        1.7712666643520003        22.554364072640517     
 -0.17365487024215365        1.7668927452134877        22.460293850058875     
 -0.14367532647696149        1.7627612028460657        22.366698089507675     
 -0.11422142971149477        1.7588758917330196        22.273572917886280     
  -8.5281213712097445E-002   1.7552404703930087        22.180914554278246     
  -5.6842842189954668E-002   1.7518584104707318        22.088719308431628     
  -2.8894609612702273E-002   1.7487330055742267        21.996983579220647     
  -1.4249418687395071E-003   1.7458673798640998        21.905703853094327     
   2.5577603209681651E-002   1.7432644963999768        21.814876702517378     
   5.2124335458692474E-002   1.7409271652494567        21.724498784408034     
   7.8226432124643530E-002   1.7388580513648082        21.634566838577346     
  0.10389493772998555        1.7370596822326505        21.545077686174128     
  0.12914076405780403        1.7355344553017864        21.456028228139143     
  0.15397469024978536        1.7342846451943510        21.367415443672158     
  0.17840736301254398        1.7333124107053723        21.279236388715024     
  0.20244929692740513        1.7326198015958016        21.191488194453640     
  0.22611087485888573        1.7322087651840055        21.104168065841417     
  0.24940234845726997        1.7320811527406734        21.017273280146764     
  0.27233383875082057        1.7322387256920257        20.930801185526732     
  0.29491533682331372        1.7326831616361402        20.844749199628744     
  0.31715670457272349        1.7334160601771584        20.759114808222261     
  0.33906767554702094        1.7344389485820679        20.673895563861937     
  0.36065785585318810        1.7357532872646790        20.589089084583691     
  0.38193672513567561        1.7373604751013567        20.504693052634980     
  0.40291363762066468        1.7392618545829883        20.420705213240364     
  0.42359782322261635        1.7414587168075983        20.337123373403386     
  0.44399838870971353        1.7439523063179514        20.253945400745526     
  0.46412431892492184        1.7467438257884076        20.171169222383114     
  0.48398447805950962        1.7498344405652209        20.088792823842674     
  0.50358761097598093        1.7532252830643928        20.006814248015338     
  0.52294234457748690        1.7569174570311290        19.925231594150734     
  0.54205718922088508        1.7609120416648536        19.844043016890630     
  0.56094054017072559        1.7652100956136867        19.763246725342814     
  0.57960067909153790        1.7698126608421758        19.682840982195142     
  0.59804577557589989        1.7747207663760434        19.602824102870141     
  0.61628388870585715        1.7799354319275977        19.523194454720130     
  0.63432296864536408        1.7854576714054049        19.443950456262996     
  0.65217085826149856        1.7912884963117224        19.365090576458439     
  0.66983529477229975        1.7974289190311441        19.286613334024857     
  0.68732391141916427        1.8038799560138259        19.208517296796728     
  0.70464423916180663        1.8106426308565597        19.130801081122289     
  0.72180370839388974        1.8177179772849379        19.053463351301453     
  0.73880965067749593        1.8251070420397444        18.976502819063885     
  0.75566930049469050        1.8328108876706364        18.899918243086880     
  0.77238979701450050        1.8408305952401274        18.823708428553008     
  0.78897818587371271        1.8491672669408021        18.747872226747287     
  0.80544142096995153        1.8578220286286173        18.672408534693673     
  0.82178636626557133        1.8667960322750790        18.597316294830630     
  0.83801979760096335        1.8760904583410138        18.522594494725549     
  0.85414840451594354        1.8857065180746007        18.448242166827999     
  0.87017879207793580        1.8956454557362186        18.374258388261200     
  0.88611748271574531        1.9059085507526632        18.300642280652031     
  0.90197091805774954        1.9164971198031395        18.227393009998824     
  0.91774546077341412        1.9274125188394580        18.154509786577268     
  0.93344739641707175        1.9386561450427104        18.081991864883783     
  0.94908293527297416        1.9502294387187198        18.009838543616638     
  0.96465821420065812        1.9621338851344075        17.938049165694196     
  0.98017929847973340        1.9743710162972536        17.866623118310610     
  0.99565218365322672        1.9869424126798618        17.795559833028413     
   1.0110827973686818        1.9998497048916752        17.724858785908307     
   1.0264770012162370        2.0130945752997387        17.654519497675651     
   1.0418405925629648        2.0266787596004252        17.584541533924011     
   1.0571793063827761        2.0406040483439005        17.514924505355289     
   1.0724988170812499        2.0548722884131201        17.445668068056804     
   1.0878047403147719        2.0694853844590289        17.376771923815046     
   1.1031026348034016        2.0844453002936016        17.308235820466209     
   1.1183980041369372        2.0997540602423164        17.240059552283615     
   1.1336962985736578        2.1154137504575696        17.172242960402009     
   1.1490029168312643        2.1314265201944882        17.104785933278905     
   1.1643232078695718        2.1477945830505480        17.037688407192917     
   1.1796624726645351        2.1645202181703529        16.970950366779554     
   1.1950259659732017        2.1816057714168386        16.904571845604259     
   1.2104188980892381        2.1990536565101633        16.838552926773268     
   1.2258464365886672        2.2168663561354260        16.772893743582173     
   1.2413137080655128        2.2350464230203659        16.707594480202797     
   1.2568257998570354        2.2535964809840690        16.642655372408274     
   1.2723877617582933        2.2725192259577218        16.578076708337072     
   1.2880046077257554        2.2918174269783296        16.513858829295874     
   1.3036813175697404        2.3114939271563202        16.450002130602119     
   1.3194228386354392        2.3315516446178437        16.386507062466176     
   1.3352340874723305        2.3519935734225794        16.323374130914004     
   1.3511199514917778        2.3728227844577350        16.260603898750340     
   1.3670852906126469        2.3940424263089533        16.198196986563318     
   1.3831349388947560        2.4156557261086853        16.136154073770669     
   1.3992737061600233        2.4376659903626350        16.074475899708379     
   1.4155063796011513        2.4600766057547334        16.013163264762138     
   1.4318377253777153        2.4828910399310931        15.952217031542306     
   1.4482724901995367        2.5061128422633390        15.891638126103075     
   1.4648154028972173        2.5297456445916198        15.831427539206445     
   1.4814711759797121        2.5537931619475644        15.771586327631738     
   1.4982445071788439        2.5782591932573933        15.712115615531321     
   1.5151400809806559        2.6031476220253356        15.653016595833540     
   1.5321625701434911        2.6284624169974053        15.594290531693318     
   1.5493166372027147        2.6542076328055968        15.535938757991616     
   1.5666069359619677        2.6803874105924148        15.477962682884275     
   1.5840381129708718        2.7070059786156713        15.420363789401488     
   1.6016148089890712        2.7340676528333416        15.363143637098480     
   1.6193416604365296        2.7615768374682759        15.306303863758700     
   1.6372233008299650        2.7895380255524289        15.249846187150164     
   1.6552643622053325        2.8179557994502664        15.193772406836350     
   1.6734694765262295        2.8468348313608756        15.138084406042324     
   1.6918432770781260        2.8761798837982937        15.082784153577535     
   1.7103903998482775        2.9059958100494367        15.027873705816058     
   1.7291154848912107        2.9362875546090081        14.973355208735777     
   1.7480231776796253        2.9670601535905985        14.919230900017343     
   1.7671181304405794        2.9983187351132146        14.865503111204438     
   1.7864050034767878        3.0300685196623043        14.812174269926336     
   1.8058884664728596        3.0623148204243074        14.759246902184138     
   1.8255731997863049        3.0950630435936928        14.706723634702014     
   1.8454638957231029        3.1283186886513157        14.654607197344690     
   1.8655652597976089        3.1620873486128591        14.602900425602622     
   1.8858820119765822        3.1963747102460336        14.551606263146107     
   1.9064188879070885        3.2311865542551410        14.500727764449971     
   1.9271806401279885        3.2665287554314371        14.450268097489962     
   1.9481720392647588        3.3024072827677342        14.400230546512669     
   1.9693978752073003        3.3388281995354716        14.350618514880054     
   1.9908629582704351        3.3757976633224800        14.301435527990510     
   2.0125721203367122        3.4133219260294814        14.252685236277639     
   2.0345302159811549        3.4514073338232798        14.204371418288515     
   2.0567421235775396        3.4900603270445103        14.156497983842916     
   2.0792127463857781        3.5292874400676570        14.109068977275156     
   2.1019470136199185        3.5690953011109277        14.062088580760085     
   2.1249498814962950        3.6094906319934825        14.015561117724909     
   2.1482263342612815        3.6504802478373657        13.969491056348479     
   2.1717813851981016        3.6920710567113346        13.923883013149663     
   2.1956200776120789        3.7342700592136580        13.878741756666487     
   2.2197474857937087        3.7770843479908329        13.834072211227692     
   2.2441687159588799        3.8205211071889904        13.789879460818392     
   2.2688889071655236        3.8645876118346196        13.746168753041491     
   2.2939132322059330        3.9092912271410745        13.702945503176547     
   2.3192468984739607        3.9546394077371856        13.660215298337704     
   2.3448951488062546        4.0006396968141233        13.617983901732412     
   2.3708632622966119        4.0472997251864493        13.576257257022521     
   2.3971565550825442        4.0946272102631891        13.535041492789420     
   2.4237803811030219        4.1426299549244900        13.494342927104801     
   2.4507401328263718        4.1913158462993074        13.454168072208647     
   2.4780412419472198        4.2406928544393176        13.414523639295993     
   2.5056891800513061        4.2907690308841042        13.375416543413987     
   2.5336894592469448        4.3415525071123682        13.336853908470729     
   2.5620476327618542        4.3930514928738065        13.298843072357288     
   2.5907692955039967        4.4452742743960059        13.261391592184337     
   2.6198600845850044        4.4982292124605001        13.224507249634685     
   2.6493256798046989        4.5519247403418639        13.188198056432974     
   2.6791718040951418        4.6063693616035470        13.152472259933672     
   2.7094042239225802        4.6615716477438403        13.117338348828557     
   2.7400287496455631        4.7175402356851350        13.082805058974607     
   2.7710512358274197        4.7742838250993369        13.048881379343223     
   2.8024775815012308        4.8318111755620938        13.015576558091578     
   2.8343137303853112        4.8901311035281569        12.982900108756768     
   2.8665656710471485        4.9492524791199228        12.950861816573312     
   2.8992394370136272        5.0091842227209122        12.919471744914334     
   2.9323411068253042        5.0699353013656427        12.888740241856718     
   2.9658768040323773        5.1315147249170634        12.858677946870294     
   2.9998526971298825        5.1939315420223275        12.829295797630882     
   3.0342749994295830        5.2571948358374687        12.800605036956938     
   3.0691499688658452        5.3213137195110818        12.772617219869202     
   3.1044839077327455        5.3862973314168983        12.745344220772612     
   3.1402831623494958        5.4521548301247069        12.718798240759439     
   3.1765541226511722        5.5188953890987671        12.692991815032393     
   3.2133032217015813        5.5865281911124471        12.667937820446046     
   3.2505369351250111        5.6550624223675285        12.643649483164742     
   3.2882617804534613        5.7245072663061869        12.620140386434759     
   3.3264843163858022        5.7948718971032962        12.597424478468131     
   3.3652111419551716        5.8661654728262942        12.575516080435190     
   3.4044488956008161        5.9383971282495187        12.554429894562427     
   3.4442042541403799        6.0115759673094615        12.534181012331976     
   3.4844839316385392        6.0857110551870459        12.514784922778368     
   3.5252946781676817        6.1608114100025357        12.496257520877881     
   3.5666432784562221        6.2368859941084187        12.478615116025177     
   3.6085365504199460        6.3139437049650997        12.461874440591501     
   3.6509813435716212        6.3919933655838399        12.446052658557948     
   3.6939845373039262        6.4710437145209960        12.431167374216864     
   3.7375530390406215        6.5511033954072211        12.417236640933643     
   3.7816937822506587        6.6321809459948531        12.404278969960602     
   3.8264137243197567        6.7142847867063100        12.392313339293798     
   3.8717198442738270        6.7974232086659860        12.381359202562916     
   3.9176191403483687        6.8816043611976392        12.371436497943495     
   3.9641186273978453        6.9668362387690186        12.362565657079925     
   4.0112253341388078        7.0531266673650093        12.354767614006741     
   4.0589463002203638        7.1404832902702724        12.348063814054743     
   4.1072885731153450        7.2289135532419779        12.342476222727431     
   4.1562592048253997        7.3184246890529563        12.338027334532239     
   4.2058652483929899        7.4090237013852676        12.334740181749929     
   4.2561137542130609        7.5007173480539295        12.332638343124238     
   4.3070117661369656        7.5935121235402105        12.331745952452701     
   4.3585663173610252        7.6874142408138235        12.332087707058269     
   4.4107844260919054        7.7824296124230496        12.333688876119977     
   4.4636730909807625        7.8785638308317036        12.336575308839489     
   4.5172392863179089        7.9758221479817397        12.340773442418783     
   4.5714899569795930        8.0742094540602505        12.346310309822833     
   4.6264320131182384        8.1737302554495983        12.353213547299397     
   4.6820723245873221        8.2743886518394376        12.361511401626341     
   4.7384177150918454        8.3761883124794547        12.371232737055191     
   4.7954749560552168        8.4791324515519300        12.382407041917757     
   4.8532507601931609        8.5832238026433760        12.395064434860746     
   4.9117517747850572        8.6884645922948067        12.409235670671279     
   4.9709845746330306        8.7948565126107141        12.424952145654226     
   5.0309556546988681        8.9024006929071344        12.442245902520042     
   5.0916714224087656        9.0110976703799928        12.461149634739639     
   5.1531381896157447        9.1209473597754567        12.481696690320563     
   5.2153621642094521        9.2319490220449278        12.503921074956297     
   5.2783494413629608        9.3441012319681640        12.527857454498145     
   5.3421059944061202        9.4574018447292083        12.553541156696619     
   5.4066376653149275        9.5718479614309260        12.581008172156714     
   5.4719501548063283        9.6874358935353619        12.610295154448769     
   5.5380490120278383        9.8041611262186095        12.641439419313894     
   5.6049396238314193        9.9220182806306632        12.674478942900249     
   5.6726272036210128        10.041001075052575        12.709452358963599     
   5.7411167797632610        10.161102284945303        12.746398954962691     
   5.8104131835509305        10.282313701886910        12.785358666977066     
   5.8805210367088376        10.404626091397374        12.826372073372028     
   5.9514447384321141        10.528029149652921        12.869480387132510     
   6.0231884519469112        10.652511459094830        12.914725446784479     
   6.0957560905838815        10.778060442940808        12.962149705819593     
   6.1691513033551004        10.904662318610702        13.011796220535844     
   6.2433774600254486        11.032302050082011        13.063708636203820     
   6.3184376356698086        11.160963299194698        13.117931171465310     
   6.3943345947080434        11.290628375929396        13.174508600868085     
   6.4710707744100811        11.421278187687582        13.233486235437690     
   6.5486482678641877        11.552892187607567        13.294909901184431     
   6.6270688064020984        11.685448321955482        13.358825915440947     
   6.7063337414754338        11.818922976636177        13.425281060923243     
   6.7864440259786578        11.953290922875123        13.494322557405498     
   6.8674001950147598        12.088525262129002        13.565998030896864     
   6.9492023461008685        12.224597370289519        13.640355480206262     
   7.0318501188120459        12.361476841252378        13.717443240779367     
   7.1153426738627230        12.499131429930951        13.797309945690348     
   7.1996786716266135        12.637526994802624        13.880004483669644     
   7.2848562500972402        12.776627440084107        13.965575954048072     
   7.3708730022928544        12.916394657641261        14.054073618496867     
   7.4577259531110220        13.056788468748186        14.145546849443074     
   7.5454115356401061        13.197766565820540        14.240045075039916     
   7.6339255669366386        13.339284454258097        14.337617720572478     
   7.7232632232796474        13.481295394542478        14.438314146180218     
   7.8134190149151550        13.623750344746954        14.542183580779676     
   7.9043867603064539        13.766597903627073        14.649275052073211     
   7.9961595599081310        13.909784254472546        14.759637312532748     
   8.0887297694844538        14.053253109913232        14.873318761251275     
   8.1820889729955368        14.196945657884854        14.990367361559697     
   8.2762279550775233        14.340800508972768        15.110830554311990     
   8.3711366731462142        14.484753645365656        15.234755166748197     
   8.4668042291567165        14.628738371664321        15.362187316852122     
   8.5632188410551429        14.772685267804524        15.493172313129142     
   8.6603678139618463        14.916522144366496        15.627754549738892     
   8.7582375111295434        15.060174000557849        15.765977396928559     
   8.8568133247234044        15.203562985170432        15.907883086724231     
   8.9560796464743433        15.346608360825462        16.053512593851039     
   9.0560198382607435        15.489226471835016        16.202905511867218     
   9.1566162026783875        15.631330716021528        16.356099924513298     
   9.2578499536626815        15.772831520849978        16.513132272294850     
   9.3597011872319111        15.913636324240210        16.674037214336007     
   9.4621488524249084        16.053649560438881        16.838847485561310     
   9.5651707225114748        16.192772651342196        17.007593749285384     
   9.6687433665586866        16.330904003671098        17.180304445313396     
   9.7728421214413164        16.467939012410369        17.357005633680171     
   9.8774410643895418        16.603770070931567        17.537720834182622     
   9.9825129861723934        16.738286588227282        17.722470861888553     
   10.088029365020414        16.871375013690010        17.911273658834528     
   10.193960341396139        17.002918869873053        18.104144122157109     
   10.300274693726200        17.132798793673775        18.301093928934844     
   10.406939815213779        17.260892586379654        18.502131358052573     
   10.513921691855248        17.387075273016237        18.707261109435926     
   10.621184881789594        17.511219171432032        18.916484121040792     
   10.728692496113915        17.633193971548693        19.129797384021110     
   10.836406181302801        17.752866825195646        19.347193756537756     
   10.944286103373654        17.870102446936031        19.568661776711991     
   11.052290933944034        17.984763226275199        19.794185475267899     
   11.160377838330673        18.096709351624384        20.023744188450262     
   11.268502465843117        18.205798946369594        20.257312371846165     
   11.376618942427868        18.311888217369763        20.494859415781292     
   11.484679865821221        18.414831616178269        20.736349463003560     
   11.592636303370787        18.514482013247683        20.981741229408570     
   11.700437792687010        18.610690885339562        21.230987828601876     
   11.808032345286609        18.703308516318469        21.484036601133131     
   11.915366453389753        18.792184211462647        21.740828949274924     
   12.022385100031933        18.877166525372260        22.001300178255565     
   12.129031772649762        18.958103503500396        22.265379344888657     
   12.235248480297606        19.034842937271844        22.532989114573816     
   12.340975774648252        19.107232632689833        22.804045627670320     
   12.446152774926478        19.175120692262009        23.078458376269836     
   12.550717196918972        19.238355810003767        23.356130092414212     
   12.654605386197359        19.296787579199655        23.636956648819513     
   12.757752355683561        19.350266812522911        23.920826973177785     
   12.860091827677769        19.398645874028432        24.207622977111846     
   12.961556280459323        19.441779022446934        24.497219500857224     
   13.062076999559586        19.479522765117938        24.789484274736399     
   13.161584133793282        19.511736221806210        25.084277898475136     
   13.260006756121163        19.538281497552308        25.381453839387461     
   13.357272929401768        19.559024063612057        25.680858450424907     
   13.453309777073809        19.573833145443885        25.982331009045989     
   13.548043558793260        19.582582116607032        26.285703777814295     
   13.641399751030507        19.585148897338772        26.590802087576140     
   13.733303132613004        19.581416356485391        26.897444444003355     
   13.823677875178047        19.571272715371361        27.205442658211265     
   13.912447638478067        19.554611952103876        27.514602002077652     
   13.999535670458020        19.531334204727283        27.824721388795027     
   14.084864912000452        19.501346171564652        28.135593579085604     
   14.168358106209142        19.464561507012846        28.447005413397331     
   14.249937912077089        19.420901210993829        28.758738070278909     
   14.329527022358493        19.370294010209808        29.070567351003898     
   14.407048285438366        19.312676729303472        29.382263990378394     
   14.482424830966837        19.247994649989423        29.693593993524313     
   14.555580198998744        19.176201856197764        30.004318998281661     
   14.626438472352682        19.097261563258421        30.314196662719603     
   14.694924411877617        19.011146429154842        30.622981077087875     
   14.760963594289574        18.917838845889268        30.930423199379280     
   14.824482552216031        18.817331209029351        31.236271313510553     
   14.885408916061799        18.709626163548087        31.540271508965574     
   14.943671557287230        18.594736824126294        31.842168180581297     
   14.999200732668241        18.472686968158648        32.141704546996351     
   15.051928229087753        18.343511199792452        32.438623186124524     
   15.101787508390000        18.207255083430585        32.732666585863235     
   15.148713851813095        18.063975245248002        33.023577708101449     
   15.192644503501253        17.913739441403624        33.311100563953978     
   15.233518812586551        17.756626591775692        33.594980798021574     
   15.271278373321131        17.592726778208561        33.874966279359541     
   15.305867162734332        17.422141206431494        34.150807696733729     
   15.337231675285896        17.244982130992867        34.422259155653151     
   15.365321053985893        17.061372742748041        34.689078774593689     
   15.390087217454566        16.871447018641046        34.951029277769422     
   15.411484982401079        16.675349533730547        35.207878581767353     
   15.429472181009144        16.473235235626042        35.459400373339307     
   15.444009772729599        16.265269181719695        35.705374675641210     
   15.455061949995470        16.051626239820770        35.945588400226548     
   15.462596237393701        15.832490753021206        36.179835882137084     
   15.466583583849360        15.608056169840953        36.407919395489863     
   15.466998447402911        15.378524640916936        36.629649647036118     
   15.463818872188929        15.144106583710453        36.844846245263220     
   15.457026557254924        14.905020216909467        37.053338142725671     
   15.446606916892065        14.661491066394966        37.254964049424608     
   15.432549132184979        14.413751444821473        37.449572815205627     
   15.414846193525277        14.162039907029230        37.637023779311662     
   15.393494933873036        13.906600683658072        37.817187085409607     
   15.368496052591485        13.647683095469485        37.989943960604265     
   15.339854129722410        13.385540951000761        38.155186957159977     
   15.307577630613466        13.120431930275377        38.312820155867520     
   15.271678900852546        12.852616957372671        38.462759330217963     
   15.232174151508969        12.582359564718921        38.604932070776314     
   15.189083434725774        12.309925251999729        38.739277869382164     
   15.142430609751806        12.035580842610077        38.865748163040777     
   15.092243299545910        11.759593840553334        38.984306337604430     
   15.038552838128519        11.482231790674799        39.094927691576828     
   14.981394208897184        11.203761645067623        39.197599360602652     
   14.920805974163036        10.924449138422730        39.292320203426712     
   14.856830196203095        10.644558175007440        39.379100650321121     
   14.789512350159695        10.364350229852988        39.457962515182516     
   14.718901229152067        10.084083766609492        39.528938772693465     
   14.645048841996486        9.8040136743894664        39.592073302120333     
   14.568010303959996        9.5243907257695231        39.647420599483972     
   14.487843720998407        9.2454610579557244        39.695045459987192     
   14.404610067952138        8.9674656789436753        39.735022632714383     
   14.318373061192695        8.6906400003198350        39.767436449731804     
   14.229199026229381        8.4152133981604145        39.792380431813100     
   14.137156760798630        8.1414088032874812        39.809956873091082     
   14.042317393968410        7.8694423219424348        39.820276406995795     
   13.944754241796618        7.5995228877358203        39.823457555878683     
   13.844542660085835        7.3318519455313824        39.819626266744443     
   13.741759894777049        7.0666231677232281        39.808915435516404     
   13.636484930522231        6.8040222031698070        39.791464422248055     
   13.528798337969588        6.5442264588574561        39.767418559663355     
   13.418782120287160        6.2874049141831483        39.736928657364011     
   13.306519559438909        6.0337179675697152        39.700150503981774     
   13.192095062713921        5.7833173149599988        39.657244369480971     
   13.075594009993246        5.5363458595794004        39.608374509731114     
   12.957102602220926        5.2929376522102087        39.553708675373500     
   12.836707711525682        5.0532178610865568        39.493417626899486     
   12.714496733418095        4.8173027703964015        39.427674657744639     
   12.590557441465242        4.5852998062673489        39.356655127081446     
   12.464977844819829        4.3573075890155080        39.280536003866843     
   12.337846048956147        4.1334160103530442        39.199495423570113     
   12.209250119938527        3.9137063341784581        39.113712258872859     
   12.079277952521370        3.6982513195152573        39.023365705497177     
   11.948017142352583        3.4871153641187496        38.928634884182330     
   11.815554862524950        3.2803546672368373        38.829698459694548     
   11.681977744692430        3.0780174099885294        38.726734277621169     
   11.547371764941495        2.8801439518132339        38.619919019569068     
   11.411822134580184        2.6867670414430016        38.509427877259228     
   11.275413195981749        2.4979120408599664        38.395434245886769     
   11.138228323593614        2.3135971607196177        38.278109436996459     
   11.000349830197512        2.1338337057478145        38.157622411011417     
   10.861858878482494        1.9586263286542847        38.034139529445433     
   10.722835397969298        1.7879732911470929        37.907824326729312     
   10.583358007302454        1.6218667306803176        37.778837301487748     
   10.443503941905661        1.4602929316205635        37.647335727016944     
   10.303348986975758        1.3032325995752025        37.513473480633259     
   10.162967415772474        1.1506611376871256        37.377400891491654     
   10.022431933143544        1.0025489237650502        37.239264606407303     
   9.8818136242087995       0.85886158718538097        37.099207473156227     
   9.7411819081121358       0.71956028457017662        36.957368440680114     
   9.6006044967367448       0.58460197331539254        36.813882475576932     
   9.4601473582669371       0.45393968211369240        36.668880494221781     
   9.3198746854688181       0.32752277768611643        36.522489309831954     
   9.1798488685527886       0.20529722700658895        36.374831593766118     
   9.0401304724719100        8.7205854371439948E-002   36.226025850328348     
   8.9007782185034330       -2.6811407266427913E-002   36.076186404335544     
   8.7618489699543822      -0.13681727121391177        35.925423400698513     
   8.6233977218271818      -0.24287685865641265        35.773842815263983     
   8.4854775942772989      -0.34505746736964588        35.621546476166550     
   8.3481398296919505      -0.44342834785685042        35.468632094944667     
   8.2114337932167150      -0.53806048718796151        35.315193306684208     
   8.0754069765560175      -0.62902640076425775        35.161319718465826     
   7.9401050048726090      -0.71639993218228448        35.007096965406888     
   7.8055716466119929      -0.80025606132370009        34.852606773608073     
   7.6718488260786035      -0.88067072075400199        34.697927029333968     
   7.5389766385922732      -0.95772062047230022        34.543131853779705     
   7.4069933680558586       -1.0314830810166578        34.388291682799611     
   7.2759355067677172       -1.1020358748949008        34.233473350998587     
   7.1458377773159762       -1.1694570762791965        34.078740179613746     
   7.0167331563952313       -1.2338249188740276        33.924152067640371     
   6.8886529003905457       -1.2952176618412712        33.769765585684411     
   6.7616265725776294       -1.3537134636431203        33.615634072050867     
   6.6356820717931626       -1.4093902636429811        33.461807730606466     
   6.5108456624338098       -1.4623256712866051        33.308333729982316     
   6.3871420056476342       -1.5125968626701258        33.155256303710452     
   6.2645941915868351       -1.5602804842883786        33.002616850915587     
   6.1432237725959888       -1.6054525637457100        32.850454037210312     
   6.0230507972153919       -1.6481884272023373        32.698803895468451     
   5.9040938448846365       -1.6885626233219548        32.547699926177359     
   5.7863700612367266       -1.7266488534808033        32.397173197093878     
   5.6698951938787827       -1.7625199079943579        32.247252441954210     
   5.5546836285606105       -1.7962476081153336        32.097964158009880     
   5.4407484256377785       -1.8279027535555279        31.949332702185050     
   5.3281013567411666       -1.8575550752840908        31.801380385671315     
   5.2167529415700855       -1.8852731933559617        31.654127566796515     
   5.1067124847311218       -1.9111245795263974        31.507592742023260     
   4.9979881125499812       -1.9351755244105078        31.361792634951509     
   4.8905868097881129       -1.9574911089505953        31.216742283215801     
   4.7845144562009221       -1.9781351799585603        31.072455123185044     
   4.6797758628787154       -1.9971703295057506        30.928943072387128     
   4.5763748083159621       -2.0146578779382525        30.786216609595108     
   4.4743140741586904       -2.0306578603016563        30.644284852524954     
   4.3735954805839166       -2.0452290159657389        30.503155633106903     
   4.2742199212688554       -2.0584287812461870        30.362835570304014     
   4.1761873979114466       -2.0703132848274204        30.223330140461833     
   4.0794970542673523       -2.0809373457976390        30.084643745182952     
   3.9841472096717916       -2.0903544741144504        29.946779776728398     
   3.8901353920180659       -2.0986168733266886        29.809740680956640     
   3.7974583701675368       -2.1057754453853521        29.673528017817560     
   3.7061121857687986       -2.1118797973838790        29.538142519425683     
   3.6160921844665372       -2.1169782500752246        29.403584145742645     
   3.5273930464831680       -2.1211178480203770        29.269852137904159     
   3.4400088165587790       -2.1243443712300336        29.136945069231381     
   3.3539329332373318       -2.1267023481680862        29.004860893970889     
   3.2691582574889977       -2.1282350699923822        28.873596993810377     
   3.1856771006608033       -2.1289846059148623        28.743150222221068     
   3.1034812517494790       -2.1289918195696496        28.613516946679866     
   3.0225620039922450       -2.1282963862839241        28.484693088826642     
   2.9429101807728868       -2.1269368111525244        28.356674162613789     
   2.8645161608420180       -2.1249504478230690        28.229455310506630     
   2.7873699028518342       -2.1223735179040673        28.103031337794327     
   2.7114609692069349       -2.1192411309139465        27.977396745071573     
   2.6367785492341249       -2.1155873046941625        27.852545758952257     
   2.5633114816749685       -2.1114449862145475        27.728472361075809     
   2.4910482765061546       -2.1068460727039104        27.605170315467628     
   2.4199771360934661       -2.1018214330434413        27.482633194314410     
   2.3500859756860670       -2.0964009293648758        27.360854402214823     
   2.2813624432585669       -2.0906134387995370        27.239827198965504     
   2.2137939387090033       -2.0844868753283321        27.119544720941484     
   2.1473676324214939       -2.0780482116865429        27.000000001129340     
   2.0820704832029278       -2.0713235012808182        26.881185987870662     
   2.0178892556034023       -2.0643379000791371        26.763095562371593     
   1.9548105366307169       -2.0571156884377242        26.645721555033987     
   1.8928207518694973       -2.0496802928318880        26.529056760661749     
   1.8319061810158832       -2.0420543074606088        26.413093952594917     
   1.7720529728389924       -2.0342595156973591        26.297825895822630     
   1.7132471595806029       -2.0263169113621706        26.183245359124694     
   1.6554746708046566       -2.0182467197923049        26.069345126289985     
   1.5987213467084462       -2.0100684186911195        25.956118006458649     
   1.5429729509072754       -2.0018007587367617        25.843556843633134     
   1.4882151827046710       -1.9934617839343003        25.731654525402128     
   1.4344336888601426       -1.9850688516966921        25.620403990919556     
   1.3816140748665691       -1.9766386526416824        25.509798238179556     
   1.3297419157492754       -1.9681872300933079        25.399830330626656     
   1.2788027663988468       -1.9597299992781478        25.290493403138996     
   1.2287821714496796       -1.9512817662078199        25.181780667421020     
   1.1796656747161858       -1.9428567462404940        25.073685416840426     
   1.1314388281985595       -1.9344685823153767        24.966201030743093     
   1.0840872006697857       -1.9261303628551745        24.859320978277719     
   1.0375963858555888       -1.9178546393325904        24.753038821761187     
  0.99195201021881663       -1.9096534434978027        24.647348219613868     
  0.94713974035964343       -1.9015383042647469        24.542242928892961     
  0.90314529004281929       -1.8935202642547988        24.437716807450638     
  0.85995442686304269       -1.8856098959971808        24.333763815742490     
  0.81755297855934528       -1.8778173177860744        24.230378018310564     
  0.77592683898926973       -1.8701522091950387        24.127553584964325     
  0.73506197377332827       -1.8626238262498538        24.025284791681219     
  0.69494442562016201       -1.8552410162614568        23.923566021247996     
  0.65556031934256032       -1.8480122323210624        23.822391763662488     
  0.61689586657433082       -1.8409455474599852        23.721756616314753     
  0.57893737019780889       -1.8340486684770581        23.621655283965278     
  0.54167122849160076       -1.8273289494368756        23.522082578537166     
  0.50508393900793658       -1.8207934048423924        23.423033418738186     
  0.46916210218886151       -1.8144487224856904        23.324502829527926     
  0.43389242473019551       -1.8083012759809420        23.226485941443901     
  0.39926172270208676       -1.8023571369838456        23.128977989800330     
  0.36525692443472080       -1.7966220871019696        23.031974313772086     
  0.33186507317756636       -1.7911016295006204        22.935470355375593     
  0.29907332954032984       -1.7858010002089901        22.839461658357941     
  0.26686897372359536       -1.7807251791314576        22.743943867004656     
  0.23523940754692382       -1.7758789007690206        22.648912724875888     
  0.20417215628197591       -1.7712666646559339        22.554364073480208     
  0.17365487029807242       -1.7668927455166932        22.460293850894846     
  0.14367532652733167       -1.7627612031485440        22.366698090339966     
  0.11422142975641338       -1.7588758920347733        22.273572918714944     
   8.5281213751659937E-002  -1.7552404706940419        22.180914555103328     
   5.6842842224254932E-002  -1.7518584107710511        22.088719309253168     
   2.8894609641832693E-002  -1.7487330058738406        21.996983580038687     
   1.4249418927927838E-003  -1.7458673801630176        21.905703853908921     
  -2.5577603190618248E-002  -1.7432644966982085        21.814876703328551     
  -5.2124335444531246E-002  -1.7409271655470140        21.724498785215822     
  -7.8226432115298353E-002  -1.7388580516617054        21.634566839381790     
 -0.10389493772537158       -1.7370596825289015        21.545077686975254     
 -0.12914076405783839       -1.7355344555974073        21.456028228936983     
 -0.15397469025438659       -1.7342846454893595        21.367415444466761     
 -0.17840736302163224       -1.7333124109997884        21.279236389506444     
 -0.20244929694090213       -1.7326198018896459        21.191488195241909     
 -0.22611087487671300       -1.7322087654772986        21.104168066626581     
 -0.24940234847935366       -1.7320811530334363        21.017273280928844     
 -0.27233383877708695       -1.7322387259842813        20.930801186305764     
 -0.29491533685369042       -1.7326831619279122        20.844749200404767     
 -0.31715670460713963       -1.7334160604684716        20.759114808995303     
 -0.33906767558540718       -1.7344389488729468        20.673895564632030     
 -0.36065785589547644       -1.7357532875551500        20.589089085350867     
 -0.38193672518179977       -1.7373604753914476        20.504693053399279     
 -0.40291363767055827       -1.7392618548727263        20.420705214001828     
 -0.42359782327621714       -1.7414587170970111        20.337123374162026     
 -0.44399838876695935       -1.7439523066070679        20.253945401501376     
 -0.46412431898575213       -1.7467438260772581        20.171169223136207     
 -0.48398447812386491       -1.7498344408538351        20.088792824593035     
 -0.50358761104380334       -1.7532252833528013        20.006814248763000     
 -0.52294234464871980       -1.7569174573193622        19.925231594895713     
 -0.54205718929547331       -1.7609120419529440        19.844043017632970     
 -0.56094054024861373       -1.7652100959016654        19.763246726082542     
 -0.57960067917267455       -1.7698126611300746        19.682840982932266     
 -0.59804577566023376       -1.7747207666638960        19.602824103604696     
 -0.61628388879333917       -1.7799354322154386        19.523194455452156     
 -0.63432296873594529       -1.7854576716932673        19.443950456992514     
 -0.65217085835513133       -1.7912884965996392        19.365090577185470     
 -0.66983529486893822       -1.7974289193191515        19.286613334749436     
 -0.68732391151876338       -1.8038799563019574        19.208517297518881     
 -0.70464423926432296       -1.8106426311448511        19.130801081842041     
 -0.72180370849927999       -1.8177179775734251        19.053463352018852     
 -0.73880965078572003       -1.8251070423284623        18.976502819778936     
 -0.75566930060570781       -1.8328108879596203        18.899918243799604     
 -0.77238979712827227       -1.8408305955294140        18.823708429263437     
 -0.78897818599020186       -1.8491672672304282        18.747872227455453     
 -0.80544142108912142       -1.8578220289186196        18.672408535399605     
 -0.82178636638738634       -1.8667960325654933        18.597316295534338     
 -0.83801979772538993       -1.8760904586318787        18.522594495427082     
 -0.85414840464294695       -1.8857065183659520        18.448242167527376     
 -0.87017879220748517       -1.8956454560280949        18.374258388958449     
 -0.88611748284780933       -1.9059085510451010        18.300642281347159     
 -0.90197091819229880       -1.9164971200961771        18.227393010691877     
 -0.91774546091041931       -1.9274125191331322        18.154509787268257     
 -0.93344739655650522       -1.9386561453370608        18.081991865572750     
 -0.94908293541480881       -1.9502294390137829        18.009838544303598     
 -0.96465821434486865       -1.9621338854302228        17.938049166379187     
 -0.98017929862629494       -1.9743710165938591        17.866623118993651     
 -0.99565218380211495       -1.9869424129772959        17.795559833709547     
  -1.0110827975198737       -1.9998497051899753        17.724858786587532     
  -1.0264770013697113       -2.0130945755989447        17.654519498353014     
  -1.0418405927187002       -2.0266787599005744        17.584541534599524     
  -1.0571793065407529       -2.0406040486450330        17.514924506028990     
  -1.0724988172414491       -2.0548722887152748        17.445668068728722     
  -1.0878047404771742       -2.0694853847622436        17.376771924485201     
  -1.1031026349679900       -2.0844453005979156        17.308235821134627     
  -1.1183980043036952       -2.0997540605477698        17.240059552950335     
  -1.1336962987425698       -2.1154137507642008        17.172242961067052     
  -1.1490029170023153       -2.1314265205023357        17.104785933942292     
  -1.1643232080427481       -2.1477945833596523        17.037688407854681     
  -1.1796624728398235       -2.1645202184807530        16.970950367439713     
  -1.1950259661505904       -2.1816057717285746        16.904571846262847     
  -1.2104188982687150       -2.1990536568232737        16.838552927430307     
  -1.2258464367702224       -2.2168663564499522        16.772893744237713     
  -1.2413137082491348       -2.2350464233363452        16.707594480856859     
  -1.2568258000427159       -2.2535964813015417        16.642655373060887     
  -1.2723877619460235       -2.2725192262767271        16.578076708988249     
  -1.2880046079155285       -2.2918174272989082        16.513858829945658     
  -1.3036813177615489       -2.3114939274785109        16.450002131250532     
  -1.3194228388292772       -2.3315516449416882        16.386507063113260     
  -1.3352340876681918       -2.3519935737481164        16.323374131559778     
  -1.3511199516896584       -2.3728227847850061        16.260603899394841     
  -1.3670852908125422       -2.3940424266379972        16.198196987206572     
  -1.3831349390966625       -2.4156557264395433        16.136154074412726     
  -1.3992737063639391       -2.4376659906953475        16.074475900349260     
  -1.4155063798070731       -2.4600766060893391        16.013163265401865     
  -1.4318377255856414       -2.4828910402676327        15.952217032180913     
  -1.4482724904094677       -2.5061128426018540        15.891638126740599     
  -1.4648154031091527       -2.5297456449321505        15.831427539842922     
  -1.4814711761936519       -2.5537931622901509        15.771586328267187     
  -1.4982445073947899       -2.5782591936020776        15.712115616165795     
  -1.5151400811986087       -2.6031476223721555        15.653016596467074     
  -1.5321625703634534       -2.6284624173464026        15.594290532325937     
  -1.5493166374246901       -2.6542076331568136        15.535938758623356     
  -1.5666069361859605       -2.6803874109458934        15.477962683515170     
  -1.5840381131968837       -2.7070059789714489        15.420363790031574     
  -1.6016148092171076       -2.7340676531914614        15.363143637727811     
  -1.6193416606665967       -2.7615768378287791        15.306303864387280     
  -1.6372233010620678       -2.7895380259153564        15.249846187778063     
  -1.6552643624394785       -2.8179557998156608        15.193772407463582     
  -1.6734694767624247       -2.8468348317287764        15.138084406668957     
  -1.6918432773163790       -2.8761798841687432        15.082784154203580     
  -1.7103904000885946       -2.9059958104224757        15.027873706441584     
  -1.7291154851336024       -2.9362875549846796        14.973355209360799     
  -1.7480231779240980       -2.9670601539689403        14.919230900641917     
  -1.7671181306871437       -2.9983187354942711        14.865503111828611     
  -1.7864050037254533       -3.0300685200461159        14.812174270550123     
  -1.8058884667236357       -3.0623148208109146        14.759246902807604     
  -1.8255732000392055       -3.0950630439831426        14.706723635325190     
  -1.8454638959781378       -3.1283186890436467        14.654607197967643     
  -1.8655652600547916       -3.1620873490081154        14.602900426225377     
  -1.8858820122359223       -3.1963747106442524        14.551606263768722     
  -1.9064188881685979       -3.2311865546563641        14.500727765072485     
  -1.9271806403916834       -3.2665287558357110        14.450268098112417     
  -1.9481720395306510       -3.3024072831750977        14.400230547135122     
  -1.9693978754754073       -3.3388281999459708        14.350618515502550     
  -1.9908629585407691       -3.3757976637361544        14.301435528613114     
  -2.0125721206092893       -3.4133219264463741        14.252685236900382     
  -2.0345302162559884       -3.4514073342434299        14.204371418911464     
  -2.0567421238546495       -3.4900603274679671        14.156497984466114     
  -2.0792127466651755       -3.5292874404944543        14.109068977898660     
  -2.1019470139016208       -3.5690953015411071        14.062088581383954     
  -2.1249498817803198       -3.6094906324270903        14.015561118349181     
  -2.1482263345476471       -3.6504802482744432        13.969491056973229     
  -2.1717813854868271       -3.6920710571519257        13.923883013774935     
  -2.1956200779031794       -3.7342700596577991        13.878741757292353     
  -2.2197474860872055       -3.7770843484385717        13.834072211854195     
  -2.2441687162547908       -3.8205211076403653        13.789879461445608     
  -2.2688889074638703       -3.8645876122896774        13.746168753669476     
  -2.2939132325067297       -3.9092912275998466        13.702945503805362     
  -2.3192468987772292       -3.9546394081997174        13.660215298967421     
  -2.3448951491120167       -4.0006396972804588        13.617983902363076     
  -2.3708632626048880       -4.0472997256566279        13.576257257654218     
  -2.3971565553933565       -4.0946272107372561        13.535041493422202     
  -2.4237803814163881       -4.1426299554024801        13.494342927738751     
  -2.4507401331423178       -4.1913158467812668        13.454168072843826     
  -2.4780412422657636       -4.2406928549252809        13.414523639932476     
  -2.5056891803724697       -4.2907690313741131        13.375416544051856     
  -2.5336894595707515       -4.3415525076064636        13.336853909110035     
  -2.5620476330883259       -4.3930514933720257        13.298843072998125     
  -2.5907692958331596       -4.4452742748983969        13.261391592826770     
  -2.6198600849168785       -4.4982292129670940        13.224507250278812     
  -2.6493256801393090       -4.5519247408527033        13.188198057078850     
  -2.6791718044325097       -4.6063693621186648        13.152472260581396     
  -2.7094042242627348       -4.6615716482632834        13.117338349478208     
  -2.7400287499885216       -4.7175402362089303        13.082805059626269     
  -2.7710512361732080       -4.7742838256275224        13.048881379996985     
  -2.8024775818498751       -4.8318111760947113        13.015576558747513     
  -2.8343137307368358       -4.8901311040652402        12.982900109414986     
  -2.8665656714015806       -4.9492524796615127        12.950861817233889     
  -2.8992394373709884       -5.0091842232670336        12.919471745577374     
  -2.9323411071856227       -5.0699353019163391        12.888740242522307     
  -2.9658768043956742       -5.1315147254723605        12.858677947538540     
  -2.9998526974961899       -5.1939315425822690        12.829295798301874     
  -3.0342749997989191       -5.2571948364020740        12.800605037630779     
  -3.0691499692382362       -5.3213137200803819        12.772617220546000     
  -3.1044839081082198       -5.3862973319909297        12.745344221452449     
  -3.1402831627280792       -5.4521548307034973        12.718798241442443     
  -3.1765541230328926       -5.5188953896823492        12.692991815718658     
  -3.2133032220864588       -5.5865281917008396        12.667937821135691     
  -3.2505369355130762       -5.6550624229607651        12.643649483857873     
  -3.2882617808447372       -5.7245072669042880        12.620140387131505     
  -3.3264843167803186       -5.7948718977062930        12.597424479168602     
  -3.3652111423529472       -5.8661654734341946        12.575516081139494     
  -3.4044488960018784       -5.9383971288623467        12.554429895270696     
  -3.4442042545447586       -6.0115759679272491        12.534181013044321     
  -3.4844839320462562       -6.0857110558098011        12.514784923494933     
  -3.5252946785787653       -6.1608114106302807        12.496257521598777     
  -3.5666432788706945       -6.2368859947411632        12.478615116750547     
  -3.6085365508378393       -6.3139437056028687        12.461874441321472     
  -3.6509813439929499       -6.3919933662266306        12.446052659292654     
  -3.6939845377287170       -6.4710437151688192        12.431167374956447     
  -3.7375530394689029       -6.5511033960600926        12.417236641678231     
  -3.7816937826824510       -6.6321809466527721        12.404278970710349     
  -3.8264137247550911       -6.7142847873692917        12.392313340048846     
  -3.8717198447127208       -6.7974232093340197        12.381359203323418     
  -3.9176191407908476       -6.8816043618707292        12.371436498709592     
  -3.9641186278439280       -6.9668362394471561        12.362565657851775     
  -4.0112253345885263       -7.0531266680482023        12.354767614784501     
  -4.0589463006737292       -7.1404832909584943        12.348063814838564     
  -4.1072885735723776       -7.2289135539352181        12.342476223517476     
  -4.1562592052861262       -7.3184246897512057        12.338027335328665     
  -4.2058652488574291       -7.4090237020885086        12.334740182552917     
  -4.2561137546812366       -7.5007173487621461        12.332638343933947     
  -4.3070117666088894       -7.5935121242533681        12.331745953269307     
  -4.3585663178367220       -7.6874142415319051        12.332087707881938     
  -4.4107844265713894       -7.7824296131460180        12.333688876950900     
  -4.4636730914640559       -7.8785638315595330        12.336575309677841     
  -4.5172392868050171       -7.9758221487143723        12.340773443264736     
  -4.5714899574705328       -8.0742094547976464        12.346310310676582     
  -4.6264320136130319       -8.1737302561917264        12.353213548161122     
  -4.6820723250859766       -8.2743886525862340        12.361511402496241     
  -4.7384177155943759       -8.3761883132308714        12.371232737933450     
  -4.7954749565616313       -8.4791324523078959        12.382407042804580     
  -4.8532507607034754       -8.5832238034038379        12.395064435756330     
  -4.9117517752992716       -8.6884645930596829        12.409235671575821     
  -4.9709845751511539       -8.7948565133799281        12.424952146567938     
  -5.0309556552209092       -8.9024006936806099        12.442245903443116     
  -5.0916714229347271       -9.0110976711576338        12.461149635672296     
  -5.1531381901456372       -9.1209473605571869        12.481696691263011     
  -5.2153621647432695       -9.2319490228306353        12.503921075908753     
  -5.2783494419007075       -9.3441012327577511        12.527857455460820     
  -5.3421059949477909       -9.4574018455225524        12.553541157669734     
  -5.4066376658605275       -9.5718479622279276        12.581008173140495     
  -5.4719501553558381       -9.6874358943358700        12.610295155443426     
  -5.5380490125812525       -9.8041611270224944        12.641439420319655     
  -5.6049396243887335       -9.9220182814377953        12.674478943917334     
  -5.6726272041822172       -10.041001075862800        12.709452359992248     
  -5.7411167803283449       -10.161102285758476        12.746398956003130     
  -5.8104131841198692       -10.282313702702851        12.785358668029522     
  -5.8805210372816212       -10.404626092215922        12.826372074436735     
  -5.9514447390087186       -10.528029150473893        12.869480388209707     
  -6.0231884525273216       -10.652511459918045        12.914725447874401     
  -6.0957560911680559       -10.778060443766043        12.962149706922466     
  -6.1691513039430168       -10.904662319437756        13.011796221651910     
  -6.2433774606170793       -11.032302050910674        13.063708637333306     
  -6.3184376362651182       -11.160963300024740        13.117931172608463     
  -6.3943345953069981       -11.290628376760584        13.174508602025140     
  -6.4710707750126302       -11.421278188519651        13.233486236608877     
  -6.5486482684702993       -11.552892188440277        13.294909902369993     
  -6.6270688070117139       -11.685448322788544        13.358825916641111     
  -6.7063337420885052       -11.818922977469310        13.425281062138247     
  -6.7864440265951318       -11.953290923708039        13.494322558635567     
  -6.8674001956345752       -12.088525262961387        13.565998032142231     
  -6.9492023467239736       -12.224597371121078        13.640355481467159     
  -7.0318501194383654       -12.361476842082764        13.717443242056016     
  -7.1153426744921928       -12.499131430759828        13.797309946982972     
  -7.1996786722591501       -12.637526995629621        13.880004484978461     
  -7.2848562507327808       -12.776627440908886        13.965575955373309     
  -7.3708730029312948       -12.916394658463405        14.054073619838716     
  -7.4577259537522753       -13.056788469567303        14.145546850801741     
  -7.5454115362840879       -13.197766566636229        14.240045076415610     
  -7.6339255675832476       -13.339284455069938        14.337617721965399     
  -7.7232632239287851       -13.481295395350040        14.438314147590555     
  -7.8134190155667032       -13.623750345549769        14.542183582207599     
  -7.9043867609603087       -13.766597904424691        14.649275053518906     
  -7.9961595605641635       -13.909784255264466        14.759637313996372     
  -8.0887297701425549       -14.053253110698984        14.873318762733003     
  -8.1820889736555529       -14.196945658663900        14.990367363059651     
  -8.2762279557393228       -14.340800509744581        15.110830555830313     
  -8.3711366738096569       -14.484753646129704        15.234755168285018     
  -8.4668042298216548       -14.628738372420051        15.362187318407562     
  -8.5632188417214259       -14.772685268551371        15.493172314703310     
  -8.6603678146292999       -14.916522145103851        15.627754551331867     
  -8.7582375117980060       -15.060174001285134        15.765977398540434     
  -8.8568133253926931       -15.203562985887009        15.907883088355051     
  -8.9560796471442732       -15.346608361530706        16.053512595500855     
  -9.0560198389311299       -15.489226472528278        16.202905513536059     
  -9.1566162033490279       -15.631330716702141        16.356099926201171     
  -9.2578499543333859       -15.772831521517292        16.513132274001773     
  -9.3597011879024539       -15.913636324893517        16.674037216061940     
  -9.4621488530950781       -16.053649561077481        16.838847487306211     
  -9.5651707231810335       -16.192772651965360        17.007593751049182     
  -9.6687433672274175       -16.330904004278125        17.180304447096038     
  -9.7728421221089565       -16.467939013000482        17.357005635481499     
  -9.8774410650558426       -16.603770071504009        17.537720836002510     
  -9.9825129868371025       -16.738286588781300        17.722470863726858     
  -10.088029365683262       -16.871375014224814        17.911273660691055     
  -10.193960342056863       -17.002918870387873        18.104144124031677     
  -10.300274694384509       -17.132798794167801        18.301093930827182     
  -10.406939815869384       -17.260892586852076        18.502131359962426     
  -10.513921692507846       -17.387075273466248        18.707261111362989     
  -10.621184882438895       -17.511219171858823        18.916484122984766     
  -10.728692496759585       -17.633193971951403        19.129797385981590     
  -10.836406181944515       -17.752866825573456        19.347193758514354     
  -10.944286104011091       -17.870102447288101        19.568661778704296     
  -11.052290934576858       -17.984763226600698        19.794185477275459     
  -11.160377838958539       -18.096709351922474        20.023744190472588     
  -11.268502466465657       -18.205798946639423        20.257312373882698     
  -11.376618943044736       -18.311888217610505        20.494859417831488     
  -11.484679866432046       -18.414831616389090        20.736349465066809     
  -11.592636303975201       -18.514482013427759        20.981741231484246     
  -11.700437793284602       -18.610690885488040        21.230987830689251     
  -11.808032345877002       -18.703308516434550        21.484036603231491     
  -11.915366453972567       -18.792184211545528        21.740828951383545     
  -12.022385100606749       -18.877166525421149        22.001300180373622     
  -12.129031773216182       -18.958103503514511        22.265379347015330     
  -12.235248480855208       -19.034842937250417        22.532989116708197     
  -12.340975775196627       -19.107232632632126        22.804045629811522     
  -12.446152775465185       -19.175120692167283        23.078458378416855     
  -12.550717197447586       -19.238355809871322        23.356130094566048     
  -12.654605386715456       -19.296787579028809        23.636956650975158     
  -12.757752356190702       -19.350266812313027        23.920826975336130     
  -12.860091828173516       -19.398645873778872        24.207622979271793     
  -12.961556280943233       -19.441779022157117        24.497219503017586     
  -13.062077000031220       -19.479522764787298        24.789484276896008     
  -13.161584134252189       -19.511736221434234        25.084277900632721     
  -13.260006756566909       -19.538281497138506        25.381453841541791     
  -13.357272929833885       -19.559024063155974        25.680858452574615     
  -13.453309777491855       -19.573833144945123        25.982331011189768     
  -13.548043559196799       -19.582582116065240        26.285703779950779     
  -13.641399751419090       -19.585148896753655        26.590802089703903     
  -13.733303132986201       -19.581416355856675        26.897444446121000     
  -13.823677875535409       -19.571272714698853        27.205442660317292     
  -13.912447638819163       -19.554611951387418        27.514602004170616     
  -13.999535670782421       -19.531334203966789        27.824721390873382     
  -14.084864912307742       -19.501346170760069        28.135593581147869     
  -14.168358106498886       -19.464561506164188        28.447005415441907     
  -14.249937912348885       -19.420901210101214        28.758738072304254     
  -14.329527022611943       -19.370294009273351        29.070567353008450     
  -14.407048285673078       -19.312676728323410        29.382263992360549     
  -14.482424831182431       -19.247994648966021        29.693593995482512     
  -14.555580199194843       -19.176201855131392        30.004319000214288     
  -14.626438472528934       -19.097261562149470        30.314196664625104     
  -14.694924412033661       -19.011146428003801        30.622981078964603     
  -14.760963594425078       -18.917838844696696        30.930423201225668     
  -14.824482552330677       -18.817331207795828        31.236271315325062     
  -14.885408916155288       -18.709626162274365        31.540271510746631     
  -14.943671557359272       -18.594736822813100        31.842168182327381     
  -14.999200732718560       -18.472686966806844        32.141704548705917     
  -15.051928229116093       -18.343511198402918        32.438623187796118     
  -15.101787508396130       -18.207255082004316        32.732666587495366     
  -15.148713851796803       -18.063975243786022        33.023577709692717     
  -15.192644503462324       -17.913739439907051        33.311100565502947     
  -15.233518812524823       -17.756626590245691        33.594980799526908     
  -15.271278373236440       -17.592726776646359        33.874966280819947     
  -15.305867162626553       -17.422141204838418        34.150807698147936     
  -15.337231675154916       -17.244982129370250        34.422259157019973     
  -15.365321053831629       -17.061372741097326        34.689078775911959     
  -15.390087217276951       -16.871447016963671        34.951029279038046     
  -15.411484982200081       -16.675349532028076        35.207878582985288     
  -15.429472180784749       -16.473235233900009        35.459400374505613     
  -15.444009772481802       -16.265269179971735        35.705374676754936     
  -15.455061949724316       -16.051626238052535        35.945588401286884     
  -15.462596237099243       -15.832490751234383        36.179835883143276     
  -15.466583583531698       -15.608056168037317        36.407919396441216     
  -15.466998447062148       -15.378524639098211        36.629649647932041     
  -15.463818871825213       -15.144106581878471        36.844846246103153     
  -15.457026556868414       -14.905020215066006        37.053338143509180     
  -15.446606916482946       -14.661491064541893        37.254964050151280     
  -15.432549131753468       -14.413751442960645        37.449572815875172     
  -15.414846193071597       -14.162039905162436        37.637023779923872     
  -15.393494933397477       -13.906600681787252        37.817187085964378     
  -15.368496052094326       -13.647683093596465        37.989943961101531     
  -15.339854129203976       -13.385540949127446        38.155186957599781     
  -15.307577630074082       -13.120431928403580        38.312820156249963     
  -15.271678900292592       -12.852616955504281        38.462759330543250     
  -15.232174150928820       -12.582359562855729        38.604932071044736     
  -15.189083434125836       -12.309925250143575        38.739277869594019     
  -15.142430609132505       -12.035580840762732        38.865748163196521     
  -15.092243298907690       -11.759593838716530        38.984306337704574     
  -15.038552837471867       -11.482231788850312        39.094927691621969     
  -14.981394208222572       -11.203761643257094        39.197599360593436     
  -14.920805973470985       -10.924449136627857        39.292320203363865     
  -14.856830195494116       -10.644558173229782        39.379100650205416     
  -14.789512349434343       -10.364350228094152        39.457962515014820     
  -14.718901228410886       -10.084083764870948        39.528938772474682     
  -14.645048841240046       -9.8040136726727081        39.592073301851407     
  -14.568010303188881       -9.5243907240759409        39.647420599165940     
  -14.487843720213208       -9.2454610562866453        39.695045459621113     
  -14.404610067153481       -8.9674656773004369        39.735022632301408     
  -14.318373060381177       -8.6906399987036256        39.767436449273077     
  -14.229199025405647       -8.4152133965724438        39.792380431309851     
  -14.137156759963297       -8.1414088017288062        39.809956872544532     
  -14.042317393122140       -7.8694423204141417        39.820276406407238     
  -13.944754240940036       -7.5995228862388391        39.823457555249412     
  -13.844542659219590       -7.3318519440666368        39.819626266075751     
  -13.741759893901818       -7.0666231662915857        39.808915434809691     
  -13.636484929638643       -6.8040222017719971        39.791464421504649     
  -13.528798337078330       -6.5442264574942293        39.767418558884671     
  -13.418782119388863       -6.2874049128551013        39.736928656551420     
  -13.306519558534259       -6.0337179662774618        39.700150503136712     
  -13.192095061803551       -5.7833173137040115        39.657244368604822     
  -13.075594009077824       -5.5363458583601561        39.608374508825285     
  -12.957102601301104       -5.2929376510280859        39.553708674439392     
  -12.836707710602061       -5.0532178599418156        39.493417625938463     
  -12.714496732491366       -4.8173027692893555        39.427674656758143     
  -12.590557440536006       -4.5852998051981562        39.356655126070841     
  -12.464977843888740       -4.3573075879843381        39.280536002833522     
  -12.337846048023795       -4.1334160093599435        39.199495422515398     
  -12.209250119005549       -3.9137063332234834        39.113712257798113     
  -12.079277951588342       -3.6982513185983468        39.023365704403695     
  -11.948017141420106       -3.4871153632398517        38.928634883071382     
  -11.815554861593595       -3.2803546663958096        38.829698458567414     
  -11.681977743762753       -3.0780174091851809        38.726734276479071     
  -11.547371764014080       -2.8801439510473745        38.619919018413263     
  -11.411822133655548       -2.6867670407143369        38.509427876090861     
  -11.275413195060445       -2.4979120401682211        38.395434244707012     
  -11.138228322676133       -2.3135971600644214        38.278109435806414     
  -11.000349829284387       -2.1338337051288163        38.157622409812191     
  -10.861858877574187       -1.9586263280710465        38.034139528238057     
  -10.722835397066287       -1.7879732905991828        37.907824325514802     
  -10.583358006405222       -1.6218667301672758        37.778837300267135     
  -10.443503941014624       -1.4602929311418662        37.647335725791116     
  -10.303348986091375       -1.3032325991303491        37.513473479403189     
  -10.162967414895139       -1.1506611372755453        37.377400890258173     
  -10.022431932273681       -1.0025489233861964        37.239264605171314     
  -9.8818136233467744      -0.85886158683864611        37.099207471918497     
  -9.7411819072583334      -0.71956028425497742        36.957368439441417     
  -9.6006044958915240      -0.58460197303111039        36.813882474338030     
  -9.4601473574305999      -0.45393968185966771        36.668880492983305     
  -9.3198746846417322      -0.32752277746173547        36.522489308594650     
  -9.1798488677352399      -0.20529722681118234        36.374831592530576     
  -9.0401304716642183       -8.7205854204365219E-002   36.226025849095215     
  -8.9007782177058541        2.6811407405852621E-002   36.076186403105339     
  -8.7618489691672075       0.13681727132634067        35.925423399471818     
  -8.6233977210506403       0.24287685874253415        35.773842814041274     
  -8.4854775935116429       0.34505746743012017        35.621546474948289     
  -8.3481398289373949       0.44342834789236013        35.468632093731308     
  -8.2114337924734571       0.53806048719918731        35.315193305476143     
  -8.0754069758242792       0.62902640075185978        35.161319717263474     
  -7.9401050041525467       0.71639993214694486        35.007096964210568     
  -7.8055716459038003       0.80025606126607274        34.852606772418156     
  -7.6718488253824146       0.88067072067475849        34.697927028150708     
  -7.5389766379082532       0.95772062037208483        34.543131852603437     
  -7.4069933673841204        1.0314830808961288        34.388291681630562     
  -7.2759355061083912        1.1020358747546886        34.233473349836977     
  -7.1458377766691630        1.1694570761199381        34.078740178459789     
  -7.0167331557610177        1.2338249186963510        33.924152066494237     
  -6.8886528997690402        1.2952176616457824        33.769765584546313     
  -6.7616265719688844        1.3537134634304318        33.615634070920912     
  -6.6356820711972624        1.4093902634136797        33.461807729484832     
  -6.5108456618507891        1.4623256710412815        33.308333728869080     
  -6.3871420050775534        1.5125968624093442        33.155256302605714     
  -6.2645941910297305        1.5602804840127000        33.002616849819432     
  -6.1432237720518534        1.6054525634556913        32.850454036122741     
  -6.0230507966842772        1.6481884268985079        32.698803894389599     
  -5.9040938443665310        1.6885626230048443        32.547699925107210     
  -5.7863700607316488        1.7266488531509190        32.397173196032504     
  -5.6698951933867061        1.7625199076522036        32.247252440901569     
  -5.5546836280815386        1.7962476077613925        32.097964156966015     
  -5.4407484251716722        1.8279027531902792        31.949332701149931     
  -5.3281013562880082        1.8575550749079903        31.801380384644915     
  -5.2167529411298341        1.8852731929694613        31.654127565778801     
  -5.1067124843037268        1.9111245791299341        31.507592741014179     
  -4.9979881121354133        1.9351755240045028        31.361792633951055     
  -4.8905868093862983        1.9574911085354620        31.216742282223880     
  -4.7845144558118209        1.9781351795346953        31.072455122201628     
  -4.6797758625022450        1.9971703290735414        30.928943071412103     
  -4.5763748079520692        2.0146578774980712        30.786216608628450     
  -4.4743140738072888        2.0306578598538665        30.644284851566557     
  -4.3735954802449371        2.0452290155106860        30.503155632156677     
  -4.2742199209422109        2.0584287807842103        30.362835569361877     
  -4.1761873975970421        2.0703132843588450        30.223330139527675     
  -4.0794970539651150        2.0809373453227797        30.084643744256717     
  -3.9841472093816126        2.0903544736336102        29.946779775809954     
  -3.8901353917398640        2.0986168728401582        29.809740680045920     
  -3.7974583699011983        2.1057754448934118        29.673528016914421     
  -3.7061121855142369        2.1118797968867993        29.538142518530059     
  -3.6160921842236324        2.1169782495732639        29.403584144854392     
  -3.5273930462518175        2.1211178475137826        29.269852137023161     
  -3.4400088163388838        2.1243443707190455        29.136945068357569     
  -3.3539329330287653        2.1267023476529321        29.004860893104098     
  -3.2691582572916622        2.1282350694732819        28.873596992950542     
  -3.1856771004745710        2.1289846053920245        28.743150221368040     
  -3.1034812515742480        2.1289918190432746        28.613516945833567     
  -3.0225620038278862        2.1282963857542030        28.484693087986937     
  -2.9429101806192919        2.1269368106196391        28.356674161780560     
  -2.8645161606990697        2.1249504472871927        28.229455309679778     
  -2.7873699027193930        2.1223735173653617        28.103031336973679     
  -2.7114609690849014        2.1192411303725729        27.977396744257085     
  -2.6367785491223659        2.1155873041502673        27.852545758143787     
  -2.5633114815733742        2.1114449856682738        27.728472360273269     
  -2.4910482764145927        2.1068460721553901        27.605170314670879     
  -2.4199771360118265        2.1018214324928022        27.482633193523366     
  -2.3500859756142183        2.0964009288122352        27.360854401429357     
  -2.2813624431963948        2.0906134382450063        27.239827198185512     
  -2.2137939386563832        2.0844868747720176        27.119544720166854     
  -2.1473676323782995        2.0780482111285421        27.000000000359961     
