   0.0000000000000000        0.0000000000000000        9.2335928551270567E-320
  -1.6946944370314684E-002  0.29482790161166300        3.1717003536000266E-002
  -1.1249761809511755E-002  0.24843344583585020        3.1111537565506761E-002
  -8.5328382120766471E-003  0.23873994714689817        2.9978318402522491E-002
  -6.0545333114723331E-003  0.22955328009445636        2.8694630319524808E-002
  -3.8190162562925520E-003  0.22082082645691090        2.7192519712876118E-002
  -1.8254604988444485E-003  0.21240155900652716        2.5358205186621054E-002
  -7.5312730884673218E-005  0.20415474434830780        2.3040007090340903E-002
   1.4280699429690645E-003  0.19593834103673846        2.0043526869201932E-002
   2.6793963835702161E-003  0.18760756156696301        1.6126352389069863E-002
   3.6714063472128369E-003  0.17901310642952906        1.0992440018166606E-002
   4.3948035031886740E-003  0.16999901432709036        4.2861436915332847E-003
   4.8381485607989563E-003  0.16040004442510514       -4.4141273067618836E-003
   4.9877029125257599E-003  0.15003849313638518       -1.5602638079125875E-002
   4.8272113661899235E-003  0.13872033208873830       -2.9853458475613576E-002
   4.3376104262763324E-003  0.12623053601080880       -4.7828002718057983E-002
   3.4966461611391011E-003  0.11232744909635861       -7.0282980811836732E-002
   2.2783829234436642E-003   9.6736015802575182E-002  -9.8078756161516734E-002
   6.5258103912595178E-004   7.9139676851959773E-002 -0.13218809328526954     
  -1.4160819925818496E-003   5.9170703320093554E-002 -0.17370526610153003     
  -3.9689762771386722E-003   3.6398711029447695E-002 -0.22385548037452996     
  -7.0547042976686486E-003   1.0317064028978917E-002 -0.28400454290316834     
  -1.0730544758874638E-002  -1.9673160189431771E-002 -0.35566868417950981     
  -1.5064200198219357E-002  -5.4282009684354815E-002 -0.44052440969426243     
  -2.0135899265198209E-002  -9.4352707892970678E-002 -0.54041821689732705     
  -2.6040911370163899E-002 -0.14088736307282046      -0.65737596901205730     
  -3.2892538797234361E-002 -0.19507682888087996      -0.79361166235309177     
  -4.0825659336862330E-002 -0.25833524972068145      -0.95153525935161243     
  -5.0000900970045392E-002 -0.33233986429978568       -1.1337591839646475     
  -6.0609539039286647E-002 -0.41907667618033329       -1.3431029883760406     
  -7.2879215536131414E-002 -0.52089262817839233       -1.5825955988182701     
  -8.7080589428457977E-002 -0.64055493474694991       -1.8554744330784869     
 -0.10353503607773423      -0.78131822859331557       -2.1651805522385814     
 -0.12262352240472602      -0.94700015940974769       -2.5153488643625659     
 -0.14479679209414853       -1.1420660373608582       -2.9097922388076309     
 -0.17058700120248160       -1.3717230343735221       -3.3524782181827923     
 -0.20062094832192512       -1.6420243336694051       -3.8474968335805535     
 -0.23563504406524433       -1.9599834426265144       -4.3990178420976491     
 -0.27649216099412555       -2.3336986452801307       -5.0112355204811863     
 -0.32420049593933808       -2.7724872572809067       -5.6882989742209524     
 -0.37993456046400120       -3.2870289465372906       -6.4342257699025254     
 -0.44505839029743488       -3.8895168864083800       -7.2527965861086656     
 -0.52115102901078703       -4.5938149063857487       -8.1474285246512324     
 -0.61003429294277434       -5.4156180923793329       -9.1210247538538098     
 -0.71380276123046937       -6.3726134652577358       -10.175798297822084     
 -0.83485585455845457       -7.4846364407355495       -11.313068072984876     
 -0.97593176683853966       -8.7738177662309340       -12.533025741465003     
  -1.1401428937230669       -10.264714576715377       -13.834472636781712     
  -1.3310122594739602       -11.984418167694820       -15.214526955328253     
  -1.5525102790144036       -13.962630129947875       -16.668302623839907     
  -1.8090910060726324       -16.231697737448911       -18.188562760643251     
  -2.1057268141062009       -18.826599069748760       -19.765352433826166     
  -2.4479402394651975       -21.784868459717472       -21.385617431128665     
  -2.8418314942667440       -25.146453694981076       -23.032817887396106     
  -3.2940999414752277       -28.953498196687640       -24.686547682814506     
  -3.8120576324219773       -33.250044385730405       -26.322172246114093     
  -4.4036328572931893       -38.081658828314445       -27.910498364240397     
  -5.0773615756760400       -43.494985653829019       -29.417489259371322     
  -5.8423646037224035       -49.537242128395633       -30.804035829952824     
  -6.7083085645132128       -56.255678861601069       -32.025789690998010     
  -7.6853488841668351       -63.697036249275726       -33.033054493897367     
  -8.7840535562937330       -71.907037193812215       -33.770717925320568     
  -10.015307005541937       -80.929961957593662       -34.178186875143922     
  -11.390194137955033       -90.808351371586610       -34.189262023208229     
  -12.919865518276062       -101.58287572226251       -33.731855838130883     
  -14.615385462744342       -113.29238368482729       -32.727421417303816     
  -16.487565523905374       -125.97410315971646       -31.089922576807609     
  -18.546786151206451       -139.66389825114794       -28.724144986536551     
  -20.802808955892356       -154.39638952526144       -25.523134677941442     
  -23.264580665993083       -170.20461687126652       -21.364569143507033     
  -25.940027201676678       -187.11877049529494       -16.105937098005128     
  -28.835832083146077       -205.16335007820578       -9.5785483690371507     
  -31.957187543529749       -224.35196264474285       -1.5806374296686556     
  -35.307499543129609       -244.67888062678674        8.1298219217807741     
  -38.888020175878488       -266.10651492289867        19.841508387541353     
  -42.697374217991765       -288.54818906954108        33.893723404832741     
  -46.730943064323455       -311.84610768081319        50.675757147945262     
  -50.980072005344539       -335.74525351770376        70.619028622222288     
  -55.431079053663211       -359.86513049812447        94.179231266073032     
  -60.064068334488439       -383.67271365374171        121.80607172634052     
  -64.851590006935680       -406.46146797575057        153.89925127345975     
  -69.757240658694656       -427.34251661580748        190.75123052561889     
  -74.734358010709201       -445.25452591354440        232.47999640883427     
  -79.725021795962050       -458.99815511063332        278.95822562079206     
  -84.659614829716986       -467.29863312072899        329.74833622897756     
  -89.457208437893058       -468.89610561228903        384.05512653214748     
  -94.027000117571305       -462.65822121611382        440.70813005101093     
  -98.270940739548820       -447.70387812222850        498.18376585835108     
  -102.08754720071063       -423.52241122865621        554.67261873688153     
  -105.37672143954659       -390.07014942817983        608.19024109862994     
  -108.04521798322165       -347.82727837377479        656.72197270642073     
  -110.01225650553346       -297.80263589803292        698.38518634727370     
  -111.21469794496227       -241.48179770735985        731.58789831525860     
  -111.61121524905195       -180.72302327272479        755.16212763636327     
  -111.18499608298490       -117.61425670674444        768.45407696225971     
  -109.94469680094426       -54.310437605671950        771.36035330168568     
  -107.92358955947915        7.1274203633471416        764.30836737676827     
  -105.17706492972933        64.871830129115267        748.18769133974888     
  -101.77883148589001        117.43277837191931        724.24570049784018     
  -97.816265037703005        163.71871921552884        693.96418150520674     
  -93.385394177234545        203.05445544391046        658.93358055297233     
  -88.585972990864818        235.16157774470622        620.73881835587872     
  -83.517005277173226        260.11082277143288        580.86622001295643     
  -78.272971555245206        278.25709385835074        540.63629248415384     
  -72.940893401720899        290.16732366895292        501.16280228219512     
  -67.598266512664694        296.54949711981754        463.33544521406492     
  -62.311814354429615        298.18869954002110        427.82154270661539     
  -57.136961505371033        295.89359328746554        395.08152184415434     
  -52.117897861830336        290.45463797563644        365.39314222009318     
  -47.288096924030732        282.61383130058283        338.88017778874820     
  -42.671157522416060        273.04477440710684        315.54224111815449     
  -38.281853067374840        262.34137409020940        295.28342793678485     
  -34.127291245349106        251.01335825700934        277.93832804686974     
  -30.208106865652987        239.48687415235833        263.29463575813958     
  -26.519629289111329        228.10865549227341        251.11209204574726     
  -23.052982472093518        217.15250888374149        241.13782415310385     
  -19.796089709622215        206.82713381540844        233.11835091255799     
  -16.734566626442906        197.28452834140728        226.80862910999957     
  -13.852495026134036        188.62843386196067        221.97855832437193     
  -11.133077140951485        180.92243580746378        218.41736243534649     
  -8.5591749305581075        174.19746590215533        215.93624226165747     
  -6.1137426489760358        168.45855113484751        214.36965686855297     
  -3.7801632060660637        163.69072987324660        213.57554817156995     
  -1.5425001357037615        159.86411142823604        213.43477898145315     
  0.61432253624430899        156.93809572262981        213.85001120749956     
   2.7044003647077659        154.86479772257212        214.74421008838732     
   4.7407769224244340        153.59173952473094        216.05892290869008     
   6.7354099156635385        153.06388357800114        217.75244713353311     
   8.6991653748911162        153.22508523173968        219.79797343448107     
   10.641831494455975        154.01904315539863        222.18176368260225     
   12.572144896173654        155.38982345915610        224.90140251047868     
   14.497823261940141        157.28202866001641        227.96414325716677     
   16.425599384104629        159.64067690188963        231.38535470838701     
   18.361252698030256        162.41085080176970        235.18706369627000     
   20.309635280070452        165.53716954951497        239.39657999471149     
   22.274690116681356        168.96313288078284        244.04518372845092     
   24.259460184342991        172.63038158018486        249.16685144373281     
   26.266087537997095        176.47791643760934        254.79699486540886     
   28.295802203307581        180.44131613969293        260.97118606016318     
   30.348901221677508        184.45199438191102        267.72384418046465     
   32.424718722444524        188.43653737354546        275.08686218559774     
   34.521588407669903        192.31616460252025        283.08815697951275     
   36.636800341464259        196.00635783712838        291.75013334777447     
   38.766554442931096        199.41670535557904        301.08806098299340     
   40.905913588374418        202.45100968522252        311.10837476920028     
   43.048759725884004        205.00770697199803        321.80692125293729     
   45.187756877005093        206.98064368264198        333.16718860117226     
   47.314325320454316        208.26025083417562        345.15857285306754     
   49.418631587723013        208.73514655408587        357.73474916536622     
   51.489599108317378        208.29418384110858        370.83223198040832     
   53.514944376182399        206.82894151118018        384.36922125712317     
   55.481243319203202        204.23663244852466        398.24484147520411     
   57.374032093650186        200.42337492816768        412.33888424580391     
   59.177945756493074        195.30774106116522        426.51216219947844     
   60.876897167370942        188.82446318230578        440.60756971019873     
   62.454297037978449        180.92814682373597        454.45192372787415     
   63.893314308473350        171.59681100728250        467.85862503933629     
   65.177174051705279        160.83505658243149        480.63113719269211     
   66.289487987234963        148.67665496237066        492.56722890050639     
   67.214610564262003        135.18635621771560        503.46386917487609     
   67.938011610170761        120.46073950239020        513.12260728586239     
   68.446654919706418        104.62797114165755        521.35521751187036     
   68.729371056864665        87.846395351051740        527.98934780059619     
   68.777212211159934        70.301956109285186        532.87388799169526     
   68.583777297685160        52.204530461797447        535.88377227317699     
   68.145496651790467        33.783335741375708        536.92395523155994     
   67.461867593059523        15.281646799832231        535.93235164804537     
   66.535634674404420       -3.0488849641606066        532.88160424689613     
   65.372911356492068       -20.953989500394130        527.77963468639416     
   63.983242851087226       -38.182294255927900        520.66903199218086     
   62.379612616109839       -54.490317020724603        511.62542813853679     
   60.578397119161309       -69.646723675717169        500.75509071973477     
   58.599274721027342       -83.435735215243881        488.19201674666243     
   56.465094662197430       -95.659680869980548        474.09483126917985     
   54.201711083486011       -106.14081004520216        458.64377535021487     
   51.837784839321955       -114.72258108820802        442.03801008473351     
   49.404552777552382       -121.27072613488963        424.49337166015812     
   46.935560501537068       -125.67443709819543        406.24059562381649     
   44.466350839530406       -127.84802012315458        387.52389799941204     
   42.034096828367424       -127.73332014728192        368.59966934809228     
   39.677165505221240       -125.30312274794113        349.73491780260025     
   37.434597717256281       -120.56559929526281        331.20499989768803     
   35.345489996284329       -113.56967758038775        313.29011371319808     
   33.448267747064648       -104.41099872130360        296.27000678549712     
   31.779844946856016       -93.237868336813563        280.41638160372673     
   30.374674559530121       -80.256333487150016        265.98257743549533     
   29.263706135507874       -65.733228405429429        253.19028710108421     
   28.473282637918516       -49.995751307542605        242.21335628162888     
   28.024027162436639       -33.425895462147565        233.15914242228223     
   27.929791189066790       -16.447916320722697        226.04851358386367     
   28.196757857993958       0.49294001708312862        220.79636922293827     
   28.822813933277828        16.961868306693646        217.19556089515550     
   29.797318543576409        32.576690941788911        214.90821816341156     
   31.101399593235371        47.059913349214185        213.46958007826214     
   32.708892232212733        60.297464654108921        212.31018654516578     
   34.587989128176446        72.397782217182225        210.80221041101998     
   36.703591328152626        83.741079757097850        208.33415984693272     
   39.020227089930614        95.004775233858823        204.41444223239358     
   41.505249118591109        107.14832563521031        198.79783330164784     
   44.131848070269371        121.34088132104841        191.61981371893245     
   46.881271652647996        138.82030777532134        183.51320591900446     
   49.743573502706639        160.68392474239090        175.67228952954292     
   52.716303785762548        187.62997001380063        169.82583751874631     
   55.800851705665011        219.69169868706172        168.08719410959782     
   58.996671282764623        256.02699665432579        172.67021627008148     
   62.294298958059045        294.83632269482609        185.49425577139141     
   65.668742060181700        333.47145849317883        207.74274701965237     
   69.075244418221473        368.76214325762277        239.47537883337918     
   72.449380089494667        397.53142733414893        279.40730314039752     
   75.712750849656061        417.20841436723401        324.94820418342704     
   78.784326717219045        426.40091323849151        372.53830129593496     
   81.595954771887975        425.28057656058786        418.24121072634523     
   84.109204531654456        415.66773923036249        458.47996466676994     
   86.329946845948854        400.77340669153364        490.75827816413880     
   88.317129864226061        384.63831989240452        514.20937138669944     
   90.183099514088028        371.37655747224551        529.85661601293373     
   92.084247022212594        364.36502176557929        540.53588979003302     
   94.202372531337375        365.51736832185782        550.49503549913004     
   96.718599177922755        374.75283063010602        564.73313117854127     
   99.782779150308528        389.73473412838501        588.16585482174548     
   103.48209422721010        405.92485877094754        624.71010117047774     
   107.81305588461501        416.98274729158720        676.38532420833894     
   112.66141950505931        415.52582050345279        742.54422169830968     
   117.79456962276740        394.23878090970902        819.37576104341815     
   122.87042510221045        347.25773530239098        899.85694961125637     
   127.46539305574581        271.64381074448795        974.33263865575395     
   131.12093250476971        168.62052087488451        1031.8257206400194     
   133.40387656983427        44.144552769830625        1061.9846678507708     
   133.97074005293166       -91.582039657376185        1057.2820136258472     
   132.62283855831163       -225.77976143820592        1014.8086356735412     
   129.33959191567575       -345.58956122415498        936.96614355271436     
   124.28304051982900       -440.59517678315774        830.69316253643365     
   117.77562953502121       -504.44551248884511        705.49244734841091     
   110.26121077540317       -535.04661892416323        571.10325564632035     
   102.26143983450893       -533.51637720439601        435.78023038586105     
   94.335340260639725       -502.67481812709673        305.68243958709809     
   87.042547719918957       -445.88172244472844        185.16662818103407     
   80.906402286795242       -366.54364794122307        77.331600423060991     
   76.374912628660951       -267.99758389386216       -15.729528363820009     
   73.784081445560105       -153.20146518579605       -92.970906137071097     
   73.333913441606626       -23.933876758195765       -154.17141661709820     
   75.087067520835461        120.10450078142730       -198.75092127958578     
   78.991020531694517        281.19836132176351       -223.47339231685487     
   84.909724258392089        461.33958046176713       -220.04366675948563     
   92.639457130099657        657.61112880161386       -174.76648019881327     
   101.88866315683381        857.21567681226702       -72.432678644605403     
   112.22921436528691        1036.0393120896169        95.586071995241355     
   123.06365417407437        1164.0714740522769        322.79704596819852     
   133.66727605810564        1216.8977666324017        584.71212909530755     
   143.32907251644218        1187.2578550654359        845.53159233076985     
   151.54493254978718        1089.0855777670067        1071.9959465927482     
   158.16301252630691        950.79064037393539        1246.6218329184594     
   163.39167125835667        801.50932511128121        1372.7441483854554     
   167.64997724791664        658.01534655516468        1469.1317615483717     
   171.32062884805563        518.64830710743195        1557.7796733976645     
   174.50872669784917        366.27848318092720        1651.0639046528938     
   176.90460441187290        178.36376961019675        1743.6539629564879     
   177.80886597731615       -60.056186849645201        1812.2698046386215     
   176.32109083754219       -345.46862217458306        1823.7524947504626     
   171.63366754510562       -651.98938789210638        1748.9662595706604     
   163.32485682294094       -937.36785661663032        1576.9472508572735     
   151.53495766002803       -1157.3631750631630        1322.2346602676553     
   136.95537804829780       -1281.8152983376540        1020.8736157341336     
   120.64847378222251       -1303.9724475392547        716.96429380618747     
   103.79349876993794       -1238.7371182416414        447.43780738852138     
   87.468863356405393       -1112.6294547677917        233.01431985811860     
   72.531116200040998       -952.51202111421253        78.044980740988649     
   59.584699876316762       -778.66049569325901       -23.835578510202367     
   49.001726480122898       -603.25061319893359       -83.200304772235540     
   40.956271930647148       -432.05773742589838       -110.49477431333094     
   35.459519650278594       -266.80452447764424       -114.13436194606243     
   32.396553809007258       -106.95299507366298       -99.908852266034273     
   31.566134967680796        48.976525759421747       -70.753153308657147     
   32.718445654643148        202.09830824976007       -26.731112968413527     
   35.581899718369698        351.76047966558554        34.411051388401120     
   39.872994445331727        494.46104618220056        115.84850302060158     
   45.291075319172734        623.68499876643432        219.65742238193070     
   51.507553803664820        730.98084826032255        344.87233750820951     
   58.161730831062386        808.01744906600948        486.43422213266535     
   64.871479036073396        848.86993075768373        635.49086039394979     
   71.259157215397181        851.67973598633102        780.91449066401924     
   76.985800783183805        819.15140506962166        911.41407001721291     
   81.783384832689393        757.86465705995147        1017.4816400498235     
   85.476497455367877        676.80229795142350        1092.6222366698696     
   87.989274852068576        585.65257481625486        1133.6897259521902     
   89.338277974515421        493.35077321487188        1140.4776421329807     
   89.615215434653223        407.10381179881188        1114.8802803600729     
   88.964468245161626        331.92481972402720        1059.9453129704170     
   87.559722401000556        270.56648050521608        979.05061315895489     
   85.582539109636372        223.69364249428827        875.32667751809299     
   83.204155197105166        190.15228326326951        751.35748005848802     
   80.570657783318140        167.24056802028099        609.14131389005058     
   77.791074635952512        150.94398665610379        450.27300283495174     
   74.927842557048024        136.14747325265080        276.30480786096280     
   71.989461460468334        116.87753493525474        89.239644371661655     
   68.925780002614417        86.652547277859867       -107.90537695552268     
   65.627113191927890        39.021798561280320       -310.56014530824956     
   61.928998081265476       -31.658567069982610       -512.22796087910729     
   57.624472489386363       -129.24316372596422       -704.45520690282785     
   52.484887183185464       -254.76172180563753       -877.31635206464739     
   46.288169200999505       -405.61876370311711       -1020.4965505874486     
   38.850375555732086       -575.39681151253694       -1124.8624597328919     
   30.053327149311087       -754.56861961758477       -1184.1576394007602     
   19.859800250520806       -932.16748803741848       -1196.2546712689607     
   8.3098544388646189       -1098.0644697095961       -1163.3912314637271     
  -4.5021623053144424       -1245.1304663909355       -1091.1028278059712     
  -18.462274915865351       -1370.4437412624775       -986.07576223874628     
  -33.468843364422753       -1474.9669539823201       -853.65090062320382     
  -49.445822717803338       -1561.6806631009838       -695.94278671805114     
  -66.326331298078813       -1632.7622249705007       -511.36928958580734     
  -84.005672489054973       -1686.7706779978998       -295.90811431806378     
  -102.27452011452243       -1716.8292606622949       -45.839430886715149     
  -120.75218939710882       -1710.5612923062943        238.71194677784376     
  -138.84440208884124       -1652.1589377601154        550.41503661833974     
  -155.74861042954458       -1526.4752223209985        872.71220336699469     
  -170.52180311734156       -1324.3567367259225        1180.2997455215170     
  -182.20984112536536       -1047.6262375396600        1442.8276512338580     
  -190.01524495074250       -711.59335620421416        1631.4242526336491     
  -193.45912453119553       -343.37685569497921        1726.1321148317716     
  -192.48466010385800        24.063844433340478        1721.3349252713756     
  -187.46351029847071        360.17112429001247        1626.7210441837849     
  -179.09996919901184        644.03521073114325        1463.2754853189654     
  -168.26494646239524        867.85918175842767        1256.0534533427647     
  -155.81482407844283        1035.6772716669391        1026.7002355223708     
  -142.45051787945582        1158.3085307710780        788.39927762326818     
  -128.65349621862941        1246.7008539562830        544.70960414283081     
  -114.70776660426009        1306.0989492810381        292.36010237142273     
  -100.78874383542063        1333.1237942183939        26.856759743313887     
  -87.078153310469588        1316.9992020831860       -251.21911615220210     
  -73.855191442572618        1244.7427551142714       -531.88143127510693     
  -61.523817079180589        1108.3632599893863       -795.63045566180472     
  -50.564253611484190        910.79689375110581       -1018.1328877920549     
  -41.432685694518852        667.53652113099929       -1177.8374000629594     
  -34.457705175204097        402.97163897130770       -1262.9549933207384     
  -29.780325630654772        143.25593893424457       -1274.5316029788646     
  -27.357869982415764       -90.799463878332745       -1224.5690426914452     
  -27.018603732000201       -287.79763411608997       -1130.7538848157153     
  -28.533894985254108       -445.83027646213384       -1010.6379256031853     
  -31.675958995431870       -569.62862289362522       -877.59946239285409     
  -36.245093204377554       -666.73876557116955       -739.41839907415397     
  -42.067882775316946       -744.32668345116451       -598.96671056671687     
  -48.978176192375031       -807.32437167131945       -455.95283048411443     
  -56.794114202419308       -857.85594261424581       -308.78689295039089     
  -65.300511723401456       -895.52192073568790       -156.05906279116050     
  -74.240706125555533       -918.11519397424127        2.4961162509864607     
  -83.318252699415325       -922.49787265359839        165.48448689635381     
  -92.207165822492783       -905.51468265726044        329.69800438183597     
  -100.56903794870354       -864.87640027111365        490.28420457034508     
  -108.07524874473469       -799.92438781299802        641.23497604024487     
  -114.43194858532897       -712.14381354775082        776.15927608661832     
  -119.40461659007778       -605.29230005426098        889.22320593745326     
  -122.83833568816220       -485.08081376920563        976.06295709587630     
  -124.67013348730154       -358.46255743551632        1034.4567138761010     
  -124.93104124308462       -232.69823234361832        1064.6015126307557     
  -123.73758824253832       -114.42011164791802        1068.9560208713008     
  -121.27456892192617       -8.8937969818864531        1051.7291564733348     
  -117.77240532853551        80.405134829829990        1018.1710966510263     
  -113.48292051671882        151.88140383607072        973.83836149266767     
  -108.65689762368714        205.63786377907809        923.96855698034278     
  -103.52577014884221        243.12142367609181        873.03949021808535     
  -98.288591589471793        266.69979786324689        824.52799574731398     
  -93.104393950117583        279.24969220392279        780.84192732159090     
  -88.089329777989519        283.80603032234490        743.37848435979913     
  -83.317621287245515        283.29335487830349        712.65938371566222     
  -78.825244945184664        280.34012579528428        688.50131240080634     
  -74.615362513624305        277.16508692261516        670.19210486545001     
  -70.664680037514643        275.52041486537667        656.65480165245754     
  -66.930109685030544        276.67646394861310        646.59099494400857     
  -63.355287370061845        281.43533043172050        638.60108338348346     
  -59.876644491302216        290.16359758674247        631.28256948171088     
  -56.428841407106944        302.83756979350659        623.30901763266888     
  -52.949447457065332        319.09662837464197        613.49246512323441     
  -49.382804662803963        338.30192508578926        600.83154916066906     
  -45.683047487188162        359.59852475957479        584.54683438519783     
  -41.816276134042397        381.97945617020940        564.10410499746558     
  -37.761901193113246        404.35010441202326        539.22590487616060     
  -33.513196506357602        425.59115860665662        509.89144636164582     
  -29.077116661879188        444.61807958218890        476.32516102039227     
  -24.473455625022012        460.43490567732709        438.97457078416761     
  -19.733442593436607        472.18025978256355        398.47871386506318     
  -14.897888390262352        479.16369590575277        355.62894879040937     
  -10.015008560016071        480.89101835833242        311.32446850662734     
  -5.1380560548643928        477.07786904354623        266.52519405388063     
 -0.32289588514571221        467.65162839379656        222.20482781068574     
   4.3743539049109899        452.74242215416331        179.30671347356758     
   8.8995054717716471        432.66468353606467        138.70479505189280     
   13.202219561766952        407.89122079477369        101.17144102476084     
   17.237594028187061        379.02204316317477        67.353271100269524     
   20.967382973354631        346.75029158813982        37.755465657304228     
   24.360831956856714        311.82751971071201        12.734419819179323     
   27.395137290270014        275.03031016540467       -7.5019212325902345     
   30.055556316157180        237.12983890119031       -22.887106938363047     
   32.335209932592662        198.86556714158030       -33.483922630271536     
   34.234628181504419        160.92379498785718       -39.468259521479467     
   35.761094631403708        123.92139255333562       -41.110537513392103     
   36.927846063922345        88.394662974802273       -38.755998333612752     
   37.753181358892263        54.793004097450563       -32.805010333683640     
   38.259528315113371        23.476828743892980       -23.694309336309573     
   38.472510303513992       -5.2809248589242657       -11.879867966399445     
   38.420046918351645       -31.290419149607999        2.1781402513068429     
   38.131514844075170       -54.438406858131430        18.028020950915106     
   37.636987519484684       -74.680267742563331        35.236796779622466     
   36.966565235796040       -92.031202391967923        53.398056316171392     
   36.149801289455908       -106.55710184659438        72.137571240780687     
   35.215224841175946       -118.36551342955789        91.116909423945003     
   34.189957229739974       -127.59702578857735        110.03531277805860     
   33.099415600962594       -134.41730549713202        128.63012569706274     
   31.967095739005586       -139.00993734699713        146.67605807419096     
   30.814424801686883       -141.57015260046433        163.98355138325297     
   29.660674124868720       -142.29947450802067        180.39649172472690     
   28.522922236108485       -141.40126788500908        195.78948393659266     
   27.416058576667698       -139.07714836880461        210.06486892880025     
   26.352819060801075       -135.52418565735488        223.14963463751232     
   25.343845406414950       -130.93282191044969        234.99234104514548     
   24.397761074359174       -125.48541992737483        245.56015262851119     
   23.521257594592072       -119.35535415113839        254.83604796456660     
   22.719185992009088       -112.70655961471726        262.81625626543450     
   21.994648922110031       -105.69345846095993        269.50795429118932     
   21.349089967854106       -98.461189664957487        274.92724417880726     
   20.782377323954250       -91.146074294009480        279.09742289082385     
   20.292879801120108       -83.876255463774839        282.04754682387897     
   19.877533722819379       -76.772458654929238        283.81129019217849     
   19.531899868107871       -69.948823939188429        284.42609267406624     
   19.250210144884988       -63.513766733178898        283.93259005014318     
   19.025404169740057       -57.570827846483951        282.37432075168238     
   18.849156394663702       -52.219476777555968        279.79770097733649     
   18.711894868884102       -47.555834456499383        276.25226093676258     
   18.602813166857807       -43.673282993457008        271.79113446311487     
   18.509877460522276       -40.662930559458061        266.47179332941226     
   18.419831173694718       -38.613899424293010        260.35701573602694     
   18.318200134631269       -37.613404547682819        253.51607524011843     
   18.189301643053170       -37.746589138800118        246.02613151480159     
   18.016261390463143       -39.096082465054394        237.97379741524082     
   17.781042714049249       -41.741244142681296        229.45684758959180     
   17.464493216667222       -45.757058466152273        220.58602206403552     
   17.046414335257865       -51.212642392384481        211.48686370821952     
   16.505659966586094       -58.169332041971131        202.30151123861242     
   15.820270734710462       -66.678315607227034        193.19034960713162     
   14.967650869827168       -76.777786130051737        184.33339763538100     
   13.924794912796813       -88.489596727512520        175.93128924243570     
   12.668571498094181       -101.81541477189788        168.20568053642467     
   11.176071217376943       -116.73239186475234        161.39889171689379     
   9.4250249238910726       -133.18839511808554        155.77257190502155     
   7.3942976796439837       -151.09688451818391        151.60515893673926     
   5.0644617256892133       -170.33157347104702        149.18789773817872     
   2.4184492017604668       -190.72107747830137        148.81918397832669     
 -0.55771833028522622       -212.04384131196474        150.79701933528224     
  -3.8741313825765644       -234.02373896023562        155.40940770662036     
  -7.5361391388204026       -256.32686167553720        162.92259700889645     
  -11.543462991647132       -278.56014241224000        173.56719032860303     
  -15.889308126690366       -300.27259829994216        187.52232688009076     
  -20.559514858817394       -320.96008582185937        204.89838220243894     
  -25.531802872636050       -340.07452288650404        225.71897056331733     
  -30.775172885969852       -357.03848966108694        249.90345413914434     
  -36.249540014155841       -371.26591233730869        277.25165784598261     
  -41.905679016594789       -382.18908724969992        307.43300780439904     
  -47.685560657461437       -389.29154767219143        339.98275975699835     
  -53.523147061095841       -392.14517441431099        374.30820692048565     
  -59.345688632533182       -390.44853899607415        409.70754387331726     
  -65.075523301408737       -384.06190208502562        445.40317559079335     
  -70.632320503807975       -373.03289235402235        480.58949973525694     
  -75.935641696431787       -357.60615599465541        514.49250575931728     
  -80.907616322546005       -338.21079537687615        546.43515827054193     
  -85.475473097267923       -315.42174779108052        575.89908729144247     
  -89.573641452979501       -289.89561100099388        602.57061496776373     
  -93.145166445836423       -262.28740626089382        626.35884786911902     
  -96.142273693030006       -233.16118475026929        647.37652100302466     
  -98.526074146603236       -202.91231983629950        665.88083704216319     
  -100.26558565430440       -171.72064029243722        682.18083570213230     
  -101.33642374545005       -139.54968756708223        696.52764257093077     
  -101.71962355913317       -106.19822364251957        709.01118209340530     
  -101.40105315902088       -71.397528402838304        719.48864408753730     
  -100.37174882347421       -34.935527780835173        727.56464362727684     
  -98.629268283050521        3.2195565399223938        732.63143074659365     
  -96.179878234631076        42.824536930705960        733.96285677593914     
  -93.041146333001024        83.317442609184809        730.84254716635337     
  -89.244365404570971        123.83402783306030        722.69891702977611     
  -84.836236350792362        163.27984832262121        709.21938591894741     
  -79.879369736467510        200.44135422581257        690.42285929904710     
  -74.451389912845954        234.11308914432982        666.68052867974529     
  -68.642675859473286        263.21802141567389        638.68667577299777     
  -62.552989024266310        286.90308172295431        607.39031628898169     
  -56.287379797304254        304.59975064535115        573.90346881056587     
  -49.951817221036194        316.04750181874886        539.40246489027697     
  -43.648960935349727        321.28420508423574        505.03608443046937     
  -37.474414129013255        320.61137864335615        471.84995356269701     
  -31.513689225697661        314.54349746362323        440.73201482824243     
  -25.840008126609320        303.75001745294639        412.37994789148547     
  -20.512962403849301        288.99714127647508        387.28863200819376     
  -15.577984204303377        271.09432384178990        365.75413111092359     
  -11.066527751232769        250.84857147766820        347.89004048843742     
  -6.9968321537156157        229.02798186716814        333.65206970222312     
  -3.3751247563450733        206.33478152567341        322.86717738205982     
 -0.19712601921207806        183.38731837936507        315.26421140785953     
   2.5502721962926955        160.70998592952958        310.50370379833089     
   4.8872664751019244        138.72981069876681        308.20514066192675     
   6.8394317669893638        117.77835458651725        307.97062929480944     
   8.4361127400828479        98.097613461924198        309.40439561341009     
   9.7089678824714767        79.848693451178406        312.12795768295052     
   10.690699208018138        63.122189503164606        315.79113528800661     
   11.413984263237033        47.949357492205934        320.07927683588997     
   11.910613683872405        34.313346921826508        324.71722293569030     
   12.210826969468734        22.159935060861983        329.47059312109621     
   12.342831386595677        11.407366345190553        334.14499247952728     
   12.332483764864968        1.9550465270710333        338.58370290357499     
   12.203112097069592       -6.3090350362703020        342.66436312183032     
   11.975452902041354       -13.502181685265441        346.29506482853674     
   11.667680839011787       -19.742115521745291        349.41020919545122     
   11.295508669646374       -25.143251782619188        351.96638648993581     
   10.872337973786827       -29.813987760084444        353.93846679153171     
   10.409443716212955       -33.854857116558833        355.31602506917943     
   9.9161785815267791       -37.357398231746458        356.10017068270827     
   9.4001857417085759       -40.403592543616469        356.30080979304063     
   8.8676112686534552       -43.065742410393909        355.93433845516239     
   8.3233096623436467       -45.406675004398267        355.02174296788326     
   7.7710379003465633       -47.480177004914651        353.58707073133792     
   7.2136350136770275       -49.331582756285911        351.65622775358941     
   6.6531854762035749       -50.998455066156055        349.25605650867124     
   6.0911656843169268       -52.511312320134493        346.41364861597583     
   5.5285735451526250       -53.894367819023728        343.15584979660093     
   4.9660417189835329       -55.166257196972026        339.50891868730679     
   4.4039354154312349       -56.340737620002415        335.49830585829534     
   3.8424358687634097       -57.427348401848008        331.14852421226954     
   3.2816107295494916       -58.432027059541525        326.48308658206929     
   2.7214726554200510       -59.357677896674232        321.52449058235743     
   2.1620273703074986       -60.204692270381400        316.29423458270685     
   1.6033124145643214       -60.971420978376585        310.81285193095835     
   1.0454277409833566       -61.654599933075303        305.09995341023262     
  0.48855922810265184       -62.249730602774974        299.17427028614236     
  -6.7003899409925793E-002  -62.751416773615034        293.05369233001414     
 -0.62085683810845183       -63.153659073551779        286.75529691067203     
  -1.1724713366813972       -63.450108531339140        280.29536667371053     
  -1.7211914364155518       -63.634280227626022        273.68939453935593     
  -2.2662321361715456       -63.699727909962434        266.95207578693100     
  -2.8066803562571252       -63.640180291550621        260.09728785334534     
  -3.3414976267956291       -63.449639658695702        253.13805922228357     
  -3.8695239764394671       -63.122443384584528        246.08652941271055     
  -4.3894825367900268       -62.653288982787501        238.95390256697044     
  -4.8999844217363204       -62.037223433298720        231.75039760689003     
  -5.3995334701288442       -61.269597668679381        224.48519823063324     
  -5.8865304837115815       -60.345987305156768        217.16640629586868     
  -6.3592766165967447       -59.262080941642807        209.80100231103501     
  -6.8159756154661721       -58.013537603352830        202.39481688170503     
  -7.2547346341778507       -56.595815180015393        194.95251700633082     
  -7.6735633889200017       -55.003971980226567        187.47761114218829     
  -8.0703714485420832       -53.232443795826441        179.97247694352089     
  -8.4429634963228892       -51.274799135438116        172.43841555521340     
  -8.7890324319021929       -49.123475550444198        164.87573632233358     
  -9.1061502256766573       -46.769500247913243        157.28387577990748     
  -9.3917564718183471       -44.202198473609542        149.66155484113793     
  -9.6431446332447663       -41.408893490371753        142.00697820665894     
  -9.8574460115389257       -38.374602382745934        134.31808018299770     
  -10.031611524436968       -35.081732457755777        126.59282136058050     
  -10.162391421422612       -31.509783692450497        118.82954089611050     
  -10.246313128170442       -27.635063603438653        111.02736951314395     
  -10.279657471515875       -23.430422091755901        103.18670868480945     
  -10.258433617838804       -18.865015365304430        95.309781780789194     
  -10.178353140739397       -13.904109960564483        87.401263119594205     
  -10.034803748173616       -8.5089403067864282        79.468990783176110     
  -9.8228233252872172       -2.6366361432584995        71.524768528393537     
  -9.5370751067598576        3.7597604763474806        63.585261032651999     
  -9.1718249800932625        10.731165007326240        55.672984741844488     
  -8.7209221432049944        18.332179203520752        47.817393524005496     
  -8.1777845965863776        26.620646564134631        40.056053855985596     
  -7.5353912467829645        35.656997740040140        32.435898059209364     
  -6.7862827243338160        45.503345280081760        25.014535846990611     
  -5.9225733728305983        56.222284255882755        17.861593911025551     
  -4.9359772277641127        67.875354240096783        11.060040271190985     
  -3.8178511541491389        80.521119759135502        4.7074346408915915     
  -2.5592586169955212        94.212831804856705       -1.0829715908672028     
  -1.1510577750012914        108.99564349628798       -6.1813814184074545     
  0.41598234041170201        124.90336978619058       -10.440959760976483     
   2.1510339368410882        141.95480541050387       -13.697836624899765     
   4.0630276661480877        160.14964801968927       -15.771755350740307     
   6.1604325208532487        179.46411493872017       -16.467524504131234     
   8.4509972637606268        199.84639186001303       -15.577431248092552     
   10.941453991096921        221.21210830460660       -12.884759645786858     
   13.637186745432004        243.44009468429618       -8.1685252620466144     
   16.541870963040026        266.36873423457706       -1.2094841554195455     
   19.657092897056387        289.79327308386638        8.2026024336390719     
   22.981961856454404        313.46448446590034        20.260566935395730     
   26.512731902265955        337.08908873249578        35.130538623464133     
   30.242453201729987        360.33229895753533        52.942127763968870     
   34.160676120827546        382.82278367286096        73.778606495572774     
   38.253232819677123        404.16020743491850        97.667728898726182     
   42.502121074375111        423.92532571008206        124.57392761166500     
   46.885512757306230        441.69237931189878        154.39266588510651     
   51.377904505000373        457.04327023040486        186.94769128688455     
   55.950420393061918        469.58272932485238        221.99181342804530     
   60.571266062838788        478.95343923018396        259.21160430314785     
   65.206321196594033        484.84989054632626        298.23609899370092     
   69.819843425571307        487.02966458395565        338.64917367161365     
   74.375242956395709        485.32088555860173        380.00482945937108     
   78.835875014220662        479.62479250023000        421.84416038639728     
   83.165788362259434        469.91275376769141        463.71238671607136     
   87.330364409454120        456.21757322342091        505.17404978758213     
   91.296784239289934        438.61958519231541        545.82434610482596     
   95.034271369692334        417.22875572315786        585.29467147331366     
   98.514076641912581        392.16473692439058        623.25078026646565     
   101.70919807228000        363.53748646955773        659.38255281560100     
   104.59386172943016        331.43158724369209        693.38520023148192     
   107.14282774965403        295.89769941699410        724.93279778718716     
   109.33062559486270        256.95456003076583        753.64628299168555     
   111.13086066373396        214.60451732694821        779.05941323457796     
   112.51576536051826        168.86464804258446        800.58754098224176     
   113.45618558028717        119.81396439985519        817.50526250131327     
   113.92219131571365        67.655023540266939        828.93978238936938     
   113.88447058771213        12.785449967760087        833.88688244246191     
   113.31660323837187       -44.128318648061452        831.25530760475681     
   112.19821269538141       -102.08590389955407        819.94282838068034     
   110.51886307402964       -159.70970563805736        798.94302040212597     
   108.28241806731552       -215.23738277911320        767.47608809372741     
   105.51142932717784       -266.56203214717004        725.13056330793529     
   102.25100676360560       -311.32669520472291        671.99677004397859     
   98.571576494494337       -347.07125809226511        608.76939124730779     
   94.569983585169950       -371.41915304009149        536.79718452385407     
   90.368558335437996       -382.28085877912304        458.06409933218083     
   86.112021134470808       -378.04414016254486        375.09756122831368     
   81.962405167301426       -357.72020438531115        290.81443970706277     
   78.092458531788623       -321.02205141941408        208.32945811938680     
   74.678173346227027       -268.36547810932876        130.76012523804980     
   71.891125777857326       -200.80113769437276        61.063151773046457     
   69.891186226067930       -119.90276826619379        1.9285991892732000     
   68.819911505095661       -27.647189114003822       -44.258480327300731     
   68.794638502781794        73.677353328372874       -75.399155846852523     
   69.903054505747178        181.50702287024501       -89.633025727329823     
   72.197904376210118        292.97225388662218       -85.302500531828400     
   75.691559034776418        404.81356436554358       -60.972298713115151     
   80.350424510527034        513.27817774535652       -15.539459667374103     
   86.089588397944908        614.05175671154518        51.550170795726899     
   92.768611327064264        702.29021333634091        139.99310961378615     
   100.18985441511398        772.81177677236735        248.27882492019330     
   108.10101256349648        820.48280965988101        373.38857904931888     
   116.20338734083415        840.78037101705581        510.65376161005315     
   124.16671237917984        830.44863790232887        653.87581832609101     
   131.65002877362403        788.10653232812831        795.75826778437340     
   138.32645392651938        714.63969402700059        928.61295674274379     
   143.90821919937650        613.24447035433002        1045.2053036030325     
   148.16769910426206        489.08507846692737        1139.5386943459123     
   150.95075967895170        348.64740452839237        1207.3823045184970     
   152.18059877478876        198.97383565630162        1246.4275350324276     
   151.85278282442624        46.997151019117041        1256.0878154095267     
   150.02450595804024       -100.85989444744081        1237.0820296697013     
   146.80233844524057       -238.76968187452565        1191.0108511241781     
   142.33241231409161       -361.35569934247332        1120.1188564803595     
   136.79521447359920       -463.50584957406966        1027.3383493909055     
   130.40457496156705       -540.35276833707871        916.56910761159270     
   123.40803661976048       -587.56203530233654        793.01661298533463     
   116.08455221014694       -601.92808767658812        663.34655860025896     
   108.73596491036926       -582.11758678416504        535.45273856333006     
   101.67088529708687       -529.29227577782513        417.77485956482519     
   95.182538829542381       -447.34587336876871        318.28882195618371     
   89.524659273537964       -342.61192620906161        243.43972406696389     
   84.890463942687148       -223.08962730824953        197.32426858934014     
   81.398825504283622       -97.402578892715724        181.33681661032369     
   79.089507784073049        26.225153460511478        194.32159463487005     
   77.926850714042757        140.74069712886012        233.10818052594414     
   77.809574764431204        240.67354893655602        293.21877081468574     
   78.583866887485158        322.21240723484891        369.54395307428967     
   80.057413119865515        383.05961567217128        456.85975669523805     
   82.013003679818070        422.19407994919254        550.15249168804712     
   84.221209130298178        439.64116387602496        644.78828087389866     
   86.452108437828201        436.29497024435091        736.59416341177871     
   88.486117424715985        413.79143898868801        821.91183963191907     
   90.123775111801905        374.40410122734465        897.65923682203788     
   91.194101365420650        320.92985234617038        961.40560791634607     
   91.561002053745554        256.54355106442711        1011.4443326200053     
   91.127240575416138        184.61851358929403        1046.8388988378347     
   89.835705225065638        108.52676136121386        1067.4210032849353     
   87.668010767756101        31.442821985030605        1073.7310503866931     
   84.640788610390999       -43.823796439703301        1066.9050082887106     
   80.800263290283041       -114.94828159454664        1048.5228010965234     
   76.215836594361747       -180.15315892601348        1020.4393825494146     
   70.973396466476018       -238.21517775246184        984.61986005187225     
   65.168959949331210       -288.42592127688476        942.99581531101717     
   58.903089265816533       -330.52022728510883        897.35343925377219     
   52.276331535220379       -364.58751895047203        849.25734947476303     
   45.385760498992937       -390.97943553101868        800.00845246911308     
   38.322564185871556       -410.22391401831942        750.63062720275627     
   31.170533412281657       -422.95219246362785        701.87935696586055     
   24.005260137465498       -429.84184480414388        654.26533352998513     
   16.893844164095242       -431.57631034809219        608.08695787388558     
   9.8949218668189474       -428.81954920830822        563.46704441540760     
   3.0588626152481311       -422.20335583809037        520.39049327120335     
  -3.5719798718052402       -412.32433680498457        478.74095787708717     
  -9.9630282979146614       -399.74744401464773        438.33545987048285     
  -16.087276301275779       -385.01312790199540        398.95644970978788     
  -21.925097355295776       -368.64556230409437        360.38102362287248     
  -27.464016871779080       -351.15995188749230        322.40699668268269     
  -32.698378768673535       -333.06761850600174        284.87545893880201     
  -37.628839234767241       -314.87828175843356        247.68948172370187     
  -42.261643468093524       -297.09953103344787        210.82892148819366     
  -46.607683812836456       -280.23369825736654        174.36178135416958     
  -50.681391714443635       -264.77197702921262        138.45311604706410     
  -54.499566723142181       -251.18468545416499        103.37256692013261     
  -58.080275838929055       -239.90541282613390        69.500781884681828     
  -61.441951664275905       -231.30625843896723        37.332956893391383     
  -64.602774948437087       -225.66253771431661        7.4749480002138853     
  -67.580358769431371       -223.10891103781069       -19.374828301406296     
  -70.391683165362338       -223.59443160631281       -42.464217301497115     
  -73.053186598674813       -226.84938305115975       -61.049039838781027     
  -75.580914701080388       -232.37863455118031       -74.471665322048693     
  -77.990642403499919       -239.49169621389524       -82.241229749780473     
  -80.297890218924522       -247.36856768774840       -84.094982430887285     
  -82.517724227024530       -255.14672857332084       -80.023137438573144     
  -84.664173016992066       -262.00494825978615       -70.251313440587410     
  -86.749066766764486       -267.21991388392217       -55.190631992426233     
  -88.780171921821278       -270.18311027903314       -35.377961147128872     
  -90.758692885130074       -270.38287994334479       -11.430945157810584     
  -92.676500103073579       -267.37148663487665        15.967010878220094     
  -94.513713394209560       -260.74203360761112        46.052839866470663     
  -96.237392202883825       -250.13340783793495        77.956788466328362     
  -97.801978707624926       -235.26717760922367        110.68458868457742     
  -99.151812905090850       -216.00578720132330        143.12743429253294     
  -100.22558533285314       -192.41266342036590        174.10742943364357     
  -100.96215115650443       -164.79437147774115        202.45358413283896     
  -101.30682387763548       -133.71113199767282        227.09415571911040     
  -101.21716735024313       -99.951088140523666        247.14747513860789     
  -100.66741332102762       -64.472158094958900        261.99485196452360     
  -99.650898821032655       -28.321248800981365        271.32373236547335     
  -98.180270104303531        7.4561778743325817        275.13507418609311     
  -96.285564199798216        41.902215054042628        273.71484546384636     
  -94.010594829346161        74.215290265400739        267.57523467157023     
  -91.408291472206059        103.79161397803790        257.37613467929395     
  -88.535740154751096        130.23434569247644        243.84085915565402     
  -85.449642584294253        153.33195250873837        227.68082317971812     
  -82.202759303484186        173.01360509849601        209.54147583796248     
  -78.841667725391801        189.29402999003042        189.97646922223032     
  -75.405898258847742        202.22168553558714        169.45021033613000     
  -71.928266507408125        211.84206867695110        148.36241116921838     
  -68.436042947068842        218.18307296933921        127.08374146006486     
  -64.952520472575145        221.26306807549918        105.99024852001571     
  -61.498557822763331        221.11649542187831        85.485968346381298     
  -58.093774456066967        217.82776360640509        66.007372400554289     
  -54.757216407587407        211.56293226441619        48.008653874416268     
  -51.507464491378670        202.59013948237634        31.931869500820198     
  -48.362282140105293        191.28326433967192        18.169387810545743     
  -45.337978269136187        178.10776661989757        7.0272869925358350     
  -42.448684151833220        163.59176701633749       -1.3026876103515974     
  -39.705719494657615        148.28825356961778       -6.7576529206368718     
  -37.117168226438594        132.73535714548694       -9.4030057800770805     
  -34.687718538523598        117.42100857252541       -9.4182496622768213     
  -32.418761651867015        102.75646519399498       -7.0729565621929282     
  -30.308700715172364        89.060853955706136       -2.6975860486749639     
  -28.353399262255266        76.556658995973351        3.3462564801709505     
  -26.546695871118942        65.374422341248930        10.692491077903185     
  -24.880922568306630        55.564010792265549        18.991874686639960     
  -23.347382493454035        47.109592263230013        27.927016266328451     
  -21.936761534431014        39.945782128286908        37.221261674242328     
  -20.639465062004660        33.973034934613906        46.642345400941736     
  -19.445882573287918        29.071060006883442        56.002062057535284     
  -18.346589708661597        25.109679666457168        65.153262090254373     
  -17.332499553573797        21.957043177332650        73.985325678661809     
  -16.394974657438055        19.485433813978489        82.419015990999185     
  -15.525909132632577        17.575075407553811        90.401336589304094     
  -14.717787593783555        16.116394447640744        97.900769148009942     
  -13.963725301842402        15.011164756458811        104.90307218999800     
  -13.257492065365980        14.172890850549834        111.40768590875331     
  -12.593521327980596        13.526701053203624        117.42470648298683     
  -11.966905384024813        13.008940397295902        122.97235399847671     
  -11.373377640023364        12.566586214193251        128.07484803676272     
  -10.809283113493365        12.156559309022157        132.76061257468513     
  -10.271538729917637        11.744970390117487        137.06074754678195     
  -9.7575853597502658        11.306321939276245        141.00772201581805     
  -9.2653337938776588        10.822676498837609        144.63425953110550     
  -8.7931069847437300        10.282799750778622        147.97239781344797     
  -8.3395808484057454        9.6812878140783027        151.05271247311128     
  -7.9037257593985828        9.0176906777123804        153.90369781313979     
  -7.4847505946730735        8.2956459572594099        156.55129837757789     
  -7.0820508366553270        7.5220385689626710        159.01858346787401     
  -6.6951618735034089        6.7062019196211793        161.32555428912474     
  -6.3237182376860943        5.8591750009292980        163.48907081082382     
  -5.9674191896548905        4.9930274048365675        165.52288293888046     
  -5.6260007090229749        4.1202613090683258        167.43774902463446     
  -5.2992166456011773        3.2533192226736247        169.24157543995540     
  -4.9867651966245461        2.4037074708871842        170.94057072949988     
  -4.6904222988339441        1.6143626898013110        172.48897534237159     
  -4.3914812354520265       0.70857577631304025        174.32959692425453     
