   0.0000000000000000        0.0000000000000000        0.0000000000000000     
   0.0000000000000000        0.0000000000000000        0.0000000000000000     
   0.0000000000000000        0.0000000000000000        0.0000000000000000     
   0.0000000000000000        0.0000000000000000        0.0000000000000000     
   0.0000000000000000        0.0000000000000000        9.2335928551270567E-320
  -5.8279698813268963       -43.838805004097630        286.57370606244143     
  -6.2078521869775605       -44.178021176904124        286.07501637710754     
  -6.5874640046464421       -44.544189656851856        285.59659695017166     
  -6.9670771928172179       -44.937507075094778        285.13883838978387     
  -7.3469628171291941       -45.358161095263746        284.70217448959909     
  -7.7273910665746923       -45.806329894222458        284.28708274692991     
  -8.1086311646091733       -46.282181490691279        283.89408492603786     
  -8.4909512736884771       -46.785872917129041        283.52374766384128     
  -8.8746183917136463       -47.317549229694407        283.17668311462063     
  -9.2598982388245563       -47.877342350549299        282.85354962955677     
  -9.6470551329393412       -48.465369736221618        282.55505246613967     
  -10.036351852387297       -49.081732865217141        282.28194452162620     
  -10.428049483929174       -49.726515537566797        282.03502708379568     
  -10.822407254400556       -50.399781978521681        281.81515059124848     
  -11.219682344151851       -51.101574738171621        281.62321539440399     
  -11.620129680392814       -51.831912378372195        281.46017250717387     
  -12.024001708480892       -52.590786938029609        281.32702433800750     
  -12.431548139121706       -53.378161167524439        281.22482538762239     
  -12.843015669377500       -54.193965522866236        281.15468289923308     
  -13.258647675306131       -55.038094910075969        281.11775744547555     
  -13.678683873980237       -55.910405170309637        281.11526343448162     
  -14.103359952564897       -56.810709296381177        281.14846951568552     
  -14.532907162063511       -57.738773371638160        281.21869886393978     
  -14.967551873277614       -58.694312222612048        281.32732931837484     
  -15.407515092468543       -59.676984777531544        281.47579335016235     
  -15.853011934159406       -60.686389123681579        281.66557783092770     
  -16.304251048476967       -61.722057257741582        281.89822357101855     
  -16.761434000407522       -62.783449524679298        282.17532459417362     
  -17.224754598331440       -63.869948742545873        282.49852711236224     
  -17.694398169211230       -64.980854012653850        282.86952816169986     
  -18.170540777841214       -66.115374217161985        283.29007385740522     
  -18.653348387627410       -67.272621209084292        283.76195722278140     
  -19.142975960458223       -68.451602703228886        284.28701554420718     
  -19.639566493355112       -69.651214880602637        284.86712720116259     
  -20.143249989762619       -70.870234723436255        285.50420791743130     
  -20.654142363554762       -72.107312103237945        286.20020637688413     
  -21.172344274105924       -73.360961650217774        286.95709914472553     
  -21.697939891105296       -74.629554439079726        287.77688483286079     
  -22.230995588191686       -75.911309533593723        288.66157744621097     
  -22.771558564956862       -77.204285440565002        289.61319884547868     
  -23.319655397418046       -78.506371532835743        290.63377026117337     
  -23.875290517700869       -79.815279510794568        291.72530279377588     
  -24.438444624410504       -81.128534982528507        292.88978683592319     
  -25.009073026007766       -82.443469254207869        294.12918035458017     
  -25.587103920455448       -83.757211434501983        295.44539597453490     
  -26.172436615464278       -85.066680969712834        296.84028680939383     
  -26.764939694852462       -86.368580739783368        298.31563099277344     
  -27.364449137842080       -87.659390859249854        299.87311487080552     
  -27.970766399551728       -88.935363341387429        301.51431482760745     
  -28.583656462508173       -90.192517798021470        303.24067772824174     
  -29.202845870688250       -91.426638361473053        305.05349997910827     
  -29.828020759410673       -92.633272028548092        306.95390522387834     
  -30.458824896317292       -93.807728638983562        308.94282071416040     
  -31.094857750702005       -94.945082711885675        311.02095241822428     
  -31.735672610545851       -96.040177372930984        313.18875895839085     
  -32.380774768776384       -97.087630611886652        315.44642449814427     
  -33.029619802460275       -98.081844113720877        317.79383073359810     
  -33.681611970826005       -99.017014906547601        320.23052818049865     
  -34.336102760157914       -99.887150065170985        322.75570698722714     
  -34.992389605655873       -100.68608469932744        325.36816754588665     
  -35.649714822262673       -101.40750344012255        328.06629121700468     
  -36.307264778161809       -102.04496561589588        330.84801152796541     
  -36.964169346074655       -102.59193427913326        333.71078625015139     
  -37.619501668564254       -103.04180920847345        336.65157080389378     
  -38.272278274204687       -103.38796396382664        339.66679348248351     
  -38.921459581618727       -103.62378701779774        342.75233302529153     
  -39.565950827938757       -103.74272692284784        345.90349910393110     
  -40.204603457124016       -103.73834140104100        349.11501631265878     
  -40.836217001691814       -103.60435016221548        352.38101227304855     
  -41.459541488718507       -103.33469116772976        355.69501047150698     
  -42.073280397374901       -102.92357996168344        359.04992844454142     
  -42.676094190730751       -102.36557159123012        362.43808190903303     
  -43.266604439063713       -101.65562453423297        365.85119540142546     
  -43.843398545428542       -100.78916594844654        369.28041993928719     
  -44.405035076800544       -99.762157454427808        372.71635815004669     
  -44.950049695747509       -98.571160567648349        376.14909722417451     
  -45.476961678386154       -97.213400807261692        379.56824994359505     
  -45.984280994455091       -95.686829433361098        382.96300391116819     
  -46.470515914836248       -93.990181705119809        386.32217896493631     
  -46.934181100965667       -92.123030512678767        389.63429260350517     
  -47.373806119512849       -90.085834219565172        392.88763307923801     
  -47.787944314726133       -87.879977562936560        396.07033963752548     
  -48.175181960217301       -85.507804498626868        399.17048919763027     
  -48.534147601988224       -82.972641948643002        402.17618858855235     
  -48.863521495492847       -80.278813511320820        405.07567127760547     
  -49.162045031787251       -77.431642328616235        407.85739736588295     
  -49.428530041645587       -74.437442469618304        410.51015547959565     
  -49.661867862185261       -71.303498381712913        413.02316506535533     
  -49.861038048289572       -68.038032177030573        415.38617750641339     
  -50.025116611133392       -64.650158756814392        417.58957442055737     
  -50.153283668540837       -61.149829024009705        419.62446148276587     
  -50.244830396802648       -57.547761687684151        421.48275613958958     
  -50.299165180947071       -53.855364414193104        423.15726764893657     
  -50.315818870208986       -50.084645321334072        424.64176798831426     
  -50.294449057413949       -46.248116035124710        425.93105232483123     
  -50.234843314948428       -42.358687726696573        427.02098792798881     
  -50.136921335615526       -38.429561712245551        427.90855062656385     
  -50.000735943608341       -34.474116326193901        428.59184815743100     
  -49.826472958653262       -30.505791862204017        429.07013001960769     
  -49.614449914633134       -26.537975415502270        429.34378372295828     
  -49.365113652229127       -22.583887451881232        429.41431759924575     
  -49.079036822854626       -18.656471874266035        429.28433061490074     
  -48.756913357948051       -14.768291259093642        428.95746988163552     
  -48.399552973131499       -10.931428795802129        428.43837679519635     
  -48.007874790466630       -7.1573982887032841        427.73262293746637     
  -47.582900173746538       -3.4570633777929065        426.84663704740098     
  -47.125744881223028       0.15943308916169449        425.78762449796994     
  -46.637610647228975        3.6827288389513662        424.56348080701343     
  -46.119776308740121        7.1042906594139987        423.18270075891587     
  -45.573588595033954        10.416451382290003        421.65428472201393     
  -45.000452698319734        13.612435388453605        419.98764371584650     
  -44.401822740677019        16.686372880361215        418.19250471610991     
  -43.779192248047956        19.633303365091265        416.27881758788959     
  -43.134084735626125        22.449168965371985        414.25666491450500     
  -42.468044501049462        25.130798322482779        412.13617584571625     
  -41.782627712636199        27.675881972051954        409.92744493086991     
  -41.079393869809451        30.082940160895088        407.64045673553284     
  -40.359897702144423        32.351284130544322        405.28501686973709     
  -39.625681562437656        34.480971922341141        402.87068988712792     
  -38.878268358114269        36.472759762009211        400.40674435148651     
  -38.119155054405631        38.328050061199207        397.90210521400371     
  -37.349806772261374        40.048837032738163        395.36531350428265     
  -36.571651494088641        41.637650858614222        392.80449321256583     
  -35.786075381282515        43.097501278570853        390.22732513158451     
  -34.994418699234096        44.431821386021639        387.64102733450920     
  -34.197972338151637        45.644412330116324        385.05234189089100     
  -33.397974911646827        46.739389531229378        382.46752736486212     
  -32.595610409636969        47.721130924625086        379.89235659838147     
  -31.792006377681265        48.594227655934425        377.33211925580667     
  -30.988232591372327        49.363437564330951        374.79162859312260     
  -30.185300191791566        50.033641706497889        372.27523191416827     
  -29.384161246244219        50.609804097839863        369.78682418549835     
  -28.585708697443412        51.096934777760353        367.32986429940070     
  -27.790776663931872        51.500056243726767        364.90739349939594     
  -27.000141054732513        51.824173244523642        362.52205551270032     
  -26.214520461921140        52.074245876552105        360.17611796817147     
  -25.434577295934719        52.255165888073456        357.87149471485947     
  -24.660919129889056        52.371736064559713        355.60976869428634     
  -23.894100220907124        52.428652543329470        353.39221505797337     
  -23.134623178387063        52.430489886853046        351.21982425967786     
  -22.382940751205741        52.381688730894979        349.09332488861133     
  -21.639457708006802        52.286545815385765        347.01320604503667     
  -20.904532786913965        52.149206201936330        344.97973909268075     
  -20.178480693201049        51.973657481600867        342.99299865306222     
  -19.461574125606692        51.763725779257555        341.05288273493426     
  -18.754045814075933        51.523073366251154        339.15913191748552     
  -18.056090553721699        51.255197700212705        337.31134752871151     
  -17.367867221709488        50.963431719774320        335.50900878050163     
  -16.689500765566464        50.650945231818106        333.75148883957189     
  -16.021084153093348        50.320747239576882        332.03806982854053     
  -15.362680275609367        49.975689071029244        330.36795676433940     
  -14.714323797684989        49.618468178340237        328.74029045195113     
  -14.076022947815078        49.251632490372472        327.15415936034066     
  -13.447761245658866        48.877585211354102        325.60861051459176     
  -12.829499162526638        48.498589969498312        324.10265944384821     
  -12.221175712731961        48.116776229615795        322.63529922887585     
  -11.622709974258354        47.734144893467558        321.20550869607450     
  -11.034002537917601        47.352574020714719        319.81225980673725     
  -10.454936884810349        46.973824611800744        318.45452429143251     
  -9.8853806924457395        46.599546401932216        317.13127957970624     
  -9.3251870703426984        46.231283622504925        315.84151407499297     
  -8.7741957263285961        45.870480692860404        314.58423182379818     
  -8.2322340650782255        45.518487811172882        313.35845662697108     
  -7.6991182207041176        45.176566418581722        312.16323563931593     
  -7.1746540254246991        44.845894515430267        310.99764250196506     
  -6.6586379165055378        44.527571812681074        309.86078004993050     
  -6.1508577837966421        44.222624705285490        308.75178263511572     
  -5.6510937602807223        43.932011057528904        307.66981810285841     
  -5.1591189581082038        43.656624793188250        306.61408945782529     
  -4.6747001526290344        43.397300285761361        305.58383625282812     
  -4.1975984169429363        43.154816546094544        304.57833573190419     
  -3.7275697094823461        42.929901206477844        303.59690375682402     
  -3.2643654171190315        42.723234301729839        302.63889554407376     
  -2.8077328562492800        42.535451848985140        301.70370623732202     
  -2.3574157342661071        42.367149228855816        300.79077133843117     
  -1.9131545737724940        42.218884371389372        299.89956701821632     
  -1.4746871018292091        42.091180750813720        299.02961032639746     
  -1.0417486064660864        41.984530193466114        298.18045931853192     
 -0.61407226261828318        41.899395503567717        297.35171311615647     
 -0.19138942958034852        41.836212911646285        296.54301191490902     
  0.22657007799792894        41.795394350441967        295.75403695403639     
  0.64007774361792957        41.777329563070531        294.98451045942414     
   1.0494061250512356        41.782388048075923        294.23419557110265     
   1.4548286512455368        41.810920845792133        293.50289626508339     
   1.8566194382524959        41.863262170162159        292.79045727836012     
   2.2550531224699193        41.939730889837932        292.09676404495917     
   2.6504047095438188        42.040631862017499        291.42174265004263     
   3.0429494373248045        42.166257122069837        290.76535980824542     
   3.4329626513174345        42.316886931560539        290.12762287165873     
   3.8207196911003707        42.492790686826368        289.50857987215448     
   4.2064957862293113        42.694227689758897        288.90831960206361     
   4.5905659601634685        42.921447781949595        288.32697173658067     
   4.9732049407797509        43.174691842824409        287.76470700064976     
   5.3546870760566803        43.454192151857676        287.22173738249512     
   5.7352862535223226        43.760172614405057        286.69831639538324     
   6.1152758220671686        44.092848850135695        286.19473938863439     
   6.4949285147238225        44.452428142476428        285.71134390833896     
   6.8745163710106505        44.839109246908095        285.24851010766258     
   7.2543106574261040        45.253082055376794        284.80666120604928     
   7.6345817846644222        45.694527113504307        284.38626399603231     
   8.0155992201017057        46.163614986703315        283.98782939574596     
   8.3976313940742173        46.660505470727088        283.61191304458094     
   8.7809455984381319        47.185346641613194        283.25911593873616     
   9.1658078758619901        47.738273739418787        282.93008510269135     
   9.5524828982601040        48.319407879596319        282.62551429183605     
   9.9412338327270504        48.928854585325993        282.34614472064999     
   10.332322193280689        49.566702133611628        282.09276580991622     
   10.726007676663956        50.233019707464557        281.86621594546551     
   11.122547980394488        50.927855346054002        281.66738323988079     
   11.522198601186261        51.651233684299378        281.49720628743449     
   11.925212611799516        52.403153473029988        281.35667490127793     
   12.331840414304761        53.183584870551869        281.24683082054128     
   12.742329467674468        53.992466496251517        281.16876837353567     
   13.156923987542880        54.829702236747416        281.12363508165907     
   13.575864615901281        55.695157795087283        281.11263218689675     
   13.999388058424216        56.588656973600933        281.13701508396781     
   14.427726687052751        57.509977681275338        281.19809363619572     
   14.861108105395591        58.458847656942005        281.29723235207240     
   15.299754674449407        59.434939900183068        281.43585039724275     
   15.743882996087944        60.437867802697966        281.61542141425576     
   16.193703351727926        61.467179973958395        281.83747311991971     
   16.649419093550652        62.522354756347283        282.10358664746536     
   17.111225985644587        63.602794426663934        282.41539559797337     
   17.579311492439356        64.707819082920324        282.77458476267657     
   18.053854011828751        65.836660217792954        283.18288847482626     
   18.535022050433902        66.988453982973880        283.64208854683244     
   19.022973338541558        68.162234152027935        284.15401174539551     
   19.517853882371721        69.356924793257335        284.72052675436873     
   20.019796951488349        70.571332668545139        285.34354057218695     
   20.528921999372386        71.804139379244475        286.02499428791515     
   21.045333515433903        73.053893285943644        286.76685817739116     
   21.569119807055813        74.319001235413126        287.57112605862858     
   22.100351710642535        75.597720135267380        288.43980884371200     
   22.639081231099631        76.888148424883994        289.37492722295730     
   23.185340109702484        78.188217499941288        290.37850341624886     
   23.739138320930667        79.495683157574931        291.45255192633880     
   24.300462499556918        80.808117139614922        292.59906922964893     
   24.869274300093100        82.122898862629356        293.82002234192549     
   25.445508691616848        83.437207435530695        295.11733619913196     
   26.029072192037862        84.748014078231463        296.49287979843029     
   26.619841047017648        86.052075068175640        297.94845105019095     
   27.217659360035189        87.345925355391444        299.48576029990926     
   27.822337181496057        88.625873000844081        301.10641248890443     
   28.433648566314933        89.887994607103664        302.81188793496000     
   29.051329611059838        91.128131924421965        304.60352172884507     
   29.675076483526194        92.341889828921609        306.48248176013254     
   30.304543459502550        93.524635882372351        308.44974540608956     
   30.939340983485785        94.671501694531216        310.50607494079463     
   31.579033772185888        95.777386318769487        312.65199174814524     
   32.223138981807828        96.836961919146788        314.88774945209855     
   32.871124462284264        97.844681951616138        317.21330611031021     
   33.522407123824905        98.794792102993497        319.62829565318003     
   34.176351443307468        99.681344227998594        322.13199878895756     
   34.832268140115183        100.49821351634056        324.72331363665597     
   35.489413052974506        101.23911910773553        327.40072639157938     
   36.146986251103741        101.89764835216917        330.16228237264704     
   36.804131414482946        102.46728488495539        333.00555784558287     
   37.459935519225851        102.94144065056037        335.92763306044611     
   38.113428864797392        103.31349196523183        338.92506698472988     
   38.763585480095976        103.57681965581430        341.99387425301154     
   39.409323945123546        103.72485325054970        345.12950488936781     
   40.049508664016528        103.75111912720352        348.32682738781108     
   40.682951623526080        103.64929244484685        351.58011575706746     
   41.308414668541857        103.41325259872032        354.88304114723468     
   41.924612322884315        103.03714184383030        358.22866867534731     
   42.530215179293180        102.51542663370844        361.60946005279106     
   43.123853877278414        101.84296111794767        365.01728258813159     
   43.704123681258949        101.01505213798913        368.44342509276026     
   44.269589664204325        100.02752495786824        371.87862115261510     
   44.818792493852271        98.876788868306647        375.31308014634351     
   45.350254809572618        97.559901712063208        378.73652628838357     
   45.862488168188243        96.074632299467652        382.13824585490846     
   46.354000526688573        94.419519619325840        385.50714261247424     
   46.823304218956331        92.593927705666545        388.83180131535420     
   47.268924372586184        90.598094998694677        392.10055897056429     
   47.689407700847951        88.433177042081468        395.30158339291887     
   48.083331594109076        86.101281391092769        398.42295839030885     
   48.449313424872948        83.605493669052890        401.45277473667176     
   48.786019971317714        80.949893804401214        404.37922591229375     
   49.092176856141933        78.139561607214489        407.19070742402891     
   49.366577890940746        75.180571001474391        409.87591836780041     
   49.608094211529320        72.079972415249657        412.42396376838502     
   49.815683086848665        68.845763041772614        414.82445613266248     
   49.988396283537298        65.486844915336818        417.06761458732353     
   50.125387870080388        62.012970991138261        419.14435994468988     
   50.225921348740634        58.434679670799547        421.04640405387323     
   50.289376010244737        54.763218467838769        422.76633185072296     
   50.315252415380648        51.010457751845870        424.29767461908614     
   50.303176919110605        47.188795738613528        425.63497311644306     
   50.252905166302035        43.311056098218963        426.77382939597055     
   50.164324503430457        39.390379726984911        427.71094636995110     
   50.037455267260071        35.440112366252748        428.44415440023300     
   49.872450929151988        31.473689846136129        428.97242446300322     
   49.669597091843812        27.504522782555526        429.29586770945940     
   49.429309353823292        23.545882559219798        429.41572152251240     
   49.152130074316091        19.610790382906213        429.33432244372023     
   48.838724088970082        15.711911112222422        429.05506660579101     
   48.489873442124356        11.861453430476740        428.58235854632176     
   48.106471215723872        8.0710777672601726        427.92154949103929     
   47.689514547164038        4.3518131769823736        427.07886637394591     
   47.240096938374883       0.71398416293416578        426.06133300315139     
   46.759399966109847       -2.8328517999361051        424.87668488202092     
   46.248684508595325       -6.2799555336402744        423.53327925443085     
   45.709281606407998       -9.6194459507982248        422.04000196077703     
   45.142583075737704       -12.844328343480704        420.40617266976972     
   44.550031990189204       -15.948511360424753        418.64144999307058     
   43.933113143164739       -18.926813069713887        416.75573789965938     
   43.293343596883126       -21.774956684337418        414.75909472940401     
   42.632263416503065       -24.489556681458051        412.66164596615397     
   41.951426678921614       -27.068096170613753        410.47350177552687     
   41.252392835922947       -29.508896460520653        408.20468014717272     
   40.536718500763278       -31.811079838780191        405.86503631122144     
   39.805949716296240       -33.974526614743759        403.46419892896739     
   39.061614751647134       -35.999827484984671        401.01151339319216     
   38.305217463491324       -37.888232265848188        398.51599241775244     
   37.538231247403900       -39.641596001443048        395.98627395233859     
   36.762093594716681       -41.262323401546062        393.43058632902188     
   35.978201260996975       -42.753312495693400        390.85672043402354     
   35.187906043769495       -44.117898310697598        388.27200860198934     
   34.392511159520851       -45.359797292295497        385.68330985126011     
   33.593268203404385       -46.483053100706044        383.09700101692601     
   32.791374669422787       -47.491984317361528        380.51897329313471     
   31.987972004199356       -48.391134508419128        377.95463366608880     
   31.184144163728025       -49.185225001929716        375.40891070305457     
   30.380916639669298       -49.879110651412866        372.88626415895175     
   29.579255919773335       -50.477738780356219        370.39069786903872     
   28.780069345790103       -50.986111430756651        367.92577541215383     
   27.984205331691143       -51.409250974852192        365.49463805223985     
   27.192453905095491       -51.752169092967662        363.10002449487018     
   26.405547535380329       -52.019839071969194        360.74429202871346     
   25.624162212982416       -52.217171338041766        358.42943865796531     
   24.848918745780782       -52.348992104047191        356.15712586953367     
   24.080384240119947       -52.420024985138731        353.92870171714895     
   23.319073735917627       -52.434875416060066        351.74522394269172     
   22.565451967339076       -52.398017689038568        349.60748289217236     
   21.819935222656916       -52.313784421761895        347.51602401937538     
   21.082893279101437       -52.186358259959377        345.47116980376165     
   20.354651390700866       -52.019765617963472        343.47304094048263     
   19.635492309278586       -51.817872262694777        341.52157668909831     
   18.925658320885859       -51.584380551225991        339.61655429368659     
   18.225353281981612       -51.322828138909252        337.75760741045195     
   17.534744641606835       -51.036587983520853        335.94424349970660     
   16.853965437627345       -50.728869480560952        334.17586015729864     
   16.183116256825883       -50.402720575370459        332.45176037630006     
   15.522267150207178       -50.061030708769280        330.77116674320439     
   14.871459496335127       -49.706534464205873        329.13323458417614     
   14.230707806849953       -49.341815795707959        327.53706408622281     
   13.600001469516766       -48.969312727051928        325.98171142570885     
   12.979306425239429       -48.591322423373860        324.46619894258180     
   12.368566776439920       -48.210006546812920        322.98952440321733     
   11.767706325059372       -47.827396817621512        321.55066939807836     
   11.176630039189442       -47.445400711435184        320.14860692259441     
   10.595225447998619       -47.065807232030053        318.78230819094830     
   10.023363965184663       -46.690292706884939        317.45074873295226     
   9.4609021416693064       -46.320426560203998        316.15291382402779     
   8.9076828486613557       -45.957677024749358        314.88780329759669     
   8.3635363925571173       -45.603416759898053        313.65443578803888     
   7.8282815634288774       -45.258928348796225        312.45185245087276     
   7.3017266190799521       -44.925409652365417        311.27912020504704     
   6.7836702068243948       -44.603979002252167        310.13533454026305     
   6.2739022252866876       -44.295680218639355        309.01962193013838     
   5.7722046286169446       -44.001487442190658        307.93114188982742     
   5.2783521755852005       -43.722309772315867        306.86908871446815     
   4.7921131260586858       -43.458995706460264        305.83269293257388     
   4.3132498873828258       -43.212337377271474        304.82122250625088     
   3.8415196131835616       -42.983074586316434        303.83398380793130     
   3.3766747570889590       -42.771898634541429        302.87032240117827     
   2.9184635838348383       -42.579455950920341        301.92962365106115     
   2.4666306401750160       -42.406351521748952        301.01131318762856     
   2.0209171879640735       -42.253152123842419        300.11485724412557     
   1.5810616017213901       -42.120389365503591        299.23976288982016     
   1.1467997329213877       -42.008562539573951        298.38557817562133     
  0.71786524318810330       -41.918141293176248        297.55189220908841     
  0.29398990850371698       -41.849568118927557        296.73833517394831     
 -0.12509610352824260       -41.803260672459103        295.94457830785137     
 -0.53966398139260363       -41.779613921039683        295.17033385080271     
 -0.94998604043955948       -41.779002127976355        294.41535497550399     
  -1.3563355148879153       -41.801780677269839        293.67943570971954     
  -1.7589863692751400       -41.848287742743786        292.96241085974430     
  -2.1582131276329646       -41.918845805555257        292.26415594308224     
  -2.5542907187215245       -42.013763023635789        291.58458713754800     
  -2.9474943357049961       -42.133334456215742        290.92366125316875     
  -3.3380993086970308       -42.277843146154275        290.28137573248057     
  -3.7263809886447357       -42.447561062338757        289.65776868408551     
  -4.1126146410553384       -42.642749903934600        289.05291895364508     
  -4.4970753480997807       -42.863661767763382        288.46694623583494     
  -4.8800379176522011       -43.110539679566500        287.90001123016509     
  -5.2617767978434893       -43.383617989376553        287.35231584297094     
  -5.6425659957207435       -43.683122630671264        286.82410343730140     
  -6.0226789986124318       -44.009271242427175        286.31565913186074     
  -6.4023886968014576       -44.362273152625178        285.82731014959569     
  -6.7819673061049066       -44.742329221187603        285.35942621595325     
  -7.1616862889502988       -45.149631539750999        284.91242000625829     
  -7.5418162725234454       -45.584362985099794        284.48674764106988     
  -7.9226269625427124       -46.046696622507405        284.08290922776257     
  -8.3043870511886837       -46.536794954654518        283.70144944593511     
  -8.6873641176868670       -47.054809011222375        283.34295817357463     
  -9.0718245200044692       -47.600877273694628        283.00807115017983     
  -9.4580332760804158       -48.175124429349026        282.69747067227792     
  -9.8462539329609218       -48.777659947883251        282.41188631594076     
  -10.236748422161345       -49.408576473603425        282.15209568001080     
  -10.629776899518868       -50.067948025614484        281.91892514278192     
  -11.025597567740359       -50.755827997995986        281.71325062383346     
  -11.424466479785711       -51.472246951532462        281.53599834158018     
  -11.826637321159733       -52.217210188203765        281.38814555587220     
  -12.232361169115794       -52.990695099338232        281.27072128364563     
  -12.641886226702495       -53.792648278101787        281.18480697418374     
  -13.055457529511715       -54.622982386853778        281.13153712898816     
  -13.473316622913135       -55.481572769859767        281.11209984958106     
  -13.895701207488004       -56.368253801931552        281.12773729474924     
  -14.322844750304926       -57.282814963783601        281.17974602680215     
  -14.754976059613881       -58.224996635276327        281.26947722433994     
  -15.192318820473696       -59.194485598282995        281.39833673681687     
  -15.635091088774361       -60.190910241696763        281.56778495384054     
  -16.083504741071227       -61.213835462115966        281.77933645966601     
  -16.537764877615803       -62.262757255041961        282.03455944074278     
  -16.998069175950189       -63.337096993029284        282.33507481145006     
  -17.464607192432336       -64.436195389179957        282.68255502033293     
  -17.937559609080978       -65.559306146712885        283.07872249624637     
  -18.417097423175537       -66.705589298107014        283.52534769084713     
  -18.903381077122607       -67.874104240558353        284.02424667087973     
  -19.396559526210574       -69.063802478251034        284.57727821071808     
  -19.896769242023193       -70.273520086268590        285.18634033269626     
  -20.404133149476777       -71.501969915909910        285.85336623994561     
  -20.918759495689770       -72.747733566771160        286.58031958381844     
  -21.440740649194602       -74.009253157252829        287.36918900559732     
  -21.970151828365871       -75.284822932192071        288.22198189015307     
  -22.507049758373530       -76.572580754136396        289.14071726763086     
  -23.051471256481779       -77.870499533394423        290.12741779822335     
  -23.603431746111095       -79.176378661438406        291.18410077477085     
  -24.162923700769586       -80.487835522494393        292.31276807845626     
  -24.729915019748180       -81.802297169227884        293.51539502439550     
  -25.304347338368292       -83.116992260280185        294.79391803664697     
  -25.886134276577792       -84.428943369978910        296.15022109625818     
  -26.475159630816282       -85.734959793746683        297.58612091164400     
  -27.071275515318799       -87.031630986448789        299.10335076805791     
  -27.674300460401223       -88.315320784994782        300.70354302239178     
  -28.284017476771989       -89.582162580741794        302.38821022124722     
  -28.900172096542775       -90.828055621391513        304.15872483437226     
  -29.522470403361474       -92.048662635828947        306.01629761236126     
  -30.150577065957684       -93.239408988363039        307.96195459715460     
  -30.784113391363281       -94.395483580684697        309.99651283650837     
  -31.422655416133630       -95.511841730079311        312.12055487934356     
  -32.065732056028715       -96.583210260485785        314.33440215778921     
  -32.712823336793114       -97.604095048286453        316.63808739379846     
  -33.363358730867581       -98.568791266596506        319.03132620333832     
  -34.016715627036241       -99.471396569604281        321.51348810914493     
  -34.672217962117308       -100.30582745146897        324.08356721357018     
  -35.329135045791105       -101.06583900166771        326.74015282568075     
  -35.986680611468778       -101.74504825975740        329.48140038089139     
  -36.644012127674159       -102.33696134656871        332.30500303626332     
  -37.300230405668479       -102.83500451522787        335.20816436922053     
  -37.954379539917547       -103.23255922354818        338.18757265071088     
  -38.605447218402674       -103.52300127882918        341.23937720446031     
  -39.252365439627837       -103.69974404669996        344.35916740044706     
  -39.894011672392388       -103.75628564733040        347.54195486143959     
  -40.529210492900383       -103.68625998536140        350.78215948461701     
  -41.156735731487132       -103.48349137484553        354.07359989408576     
  -41.775313158093198       -103.14205242827387        357.40948894262669     
  -42.383623731548902       -102.65632478071842        360.78243487039475     
  -42.980307432708422       -102.02106211798512        364.18444870279393     
  -43.563967695470581       -101.23145487362392        367.60695842780115     
  -44.133176442746887       -100.28319585627075        371.04083043334310     
  -44.686479726517724       -99.172545969090066        374.47639860705158     
  -45.222403962315909       -97.896399090371048        377.90350140345799     
  -45.739462738890680       -96.452345102197143        381.31152706762879     
  -46.236164173564653       -94.838729986305253        384.68946707028630     
  -46.711018773070840       -93.054711856555187        388.02597765923144     
  -47.162547748648521       -91.100311769495534        391.30944926781780     
  -47.589291723122983       -88.976458151695809        394.52808334656476     
  -47.989819756859688       -86.685023707694356        397.66997600275954     
  -48.362738609156096       -84.228853727800896        400.72320764982942     
  -48.706702142117720       -81.611784801957270        403.67593768871490     
  -49.020420765667851       -78.838653064761800        406.51650307323609     
  -49.302670815365872       -75.915291246827451        409.23351945655941     
  -49.552303749444995       -72.848513986870145        411.81598348239561     
  -49.768255048184173       -69.646091064054090        414.25337467828183     
  -49.949552697617335       -66.316708436662395        416.53575533449009     
  -50.095325140820890       -62.869917215479333        418.65386671520503     
  -50.204808583708093       -59.316070951750206        420.59921995199943     
  -50.277353548427541       -55.666251872849934        422.36418001538129     
  -50.312430576066838       -51.932186945988505        423.94204124888012     
  -50.309634991276589       -48.126154883398478        425.32709308078665     
  -50.268690654452207       -44.260885413668589        426.51467469863928     
  -50.189452641965794       -40.349452325938124        427.50121767665780     
  -50.071908811286463       -36.405161940173350        428.28427578092118     
  -49.916180225269471       -32.441438762533963        428.86254143429244     
  -49.722520427996578       -28.471710146184794        429.23584859507685     
  -49.491313582851411       -24.509291792734167        429.40516208171874     
  -49.223071501546862       -20.567275897443274        429.37255365179834     
  -48.918429610127468       -16.658423663858489        429.14116540863301     
  -48.578141914118810       -12.795063793650186        428.71516135486991     
  -48.203075039598218       -8.9889983997848955        428.09966813239322     
  -47.794201439685580       -5.2514176015739329        427.30070617561893     
  -47.352591866532912       -1.5928238454699974        426.32511265614841     
  -46.879407217136340        1.9770332367878904        425.18045770764877     
  -46.375889867090301        5.4492108631657405        423.87495548917718     
  -45.843354609716819        8.8156157041068806        422.41737167297265     
  -45.283179318874041        12.069034966597075        420.81692893050695     
  -44.696795452288391        15.203156099895708        419.08321194112881     
  -44.085678508637017        18.212575472334642        417.22607336488221     
  -43.451338546054231        21.092796555011784        415.25554210981670     
  -42.795310862511577        23.840218308421452        413.18173508973314     
  -42.119146929915722        26.452114599665112        411.01477351651766     
  -41.424405664086962        28.926605579655714        408.76470460780973     
  -40.712645102333632        31.262622021562958        406.44142942131924     
  -39.985414549424370        33.459863664540592        404.05463735691228     
  -39.244247241668234        35.518752622279742        401.61374770132295     
  -38.490653567802248        37.440382906581227        399.12785843209491     
  -37.726114874690509        39.226467084883602        396.60570235044253     
  -36.952077875655988        40.879281040809538        394.05561047973640     
  -36.169949669759681        42.401607741760472        391.48548254909491     
  -35.381093371637661        43.796680840882360        388.90276428120734     
  -34.586824343696691        45.068128855722954        386.31443112049476     
  -33.788407015610247        46.219920575774800        383.72697797189431     
  -32.987052270177188        47.256312258730212        381.14641447132925     
  -32.183915369702902        48.181797083203037        378.57826527528306     
  -31.380094393115264        49.001057236059175        376.02757483752663     
  -30.576629150991131        49.718918927114281        373.49891613443185     
  -29.774500543485374        50.340310544189045        370.99640280479895     
  -28.974630324753758        50.870224088379317        368.52370418403217     
  -28.177881236765920        51.313679963578551        366.08406273413152     
  -27.385057475333376        51.675695136162460        363.68031339870680     
  -26.596905451646187        51.961254630423745        361.31490444453721     
  -25.814114813538463        52.175286282723000        358.98991938671060     
  -25.037319692006569        52.322638642117091        356.70709963182765     
  -24.267100140110163        52.408061877015818        354.46786751207810     
  -23.503983733224011        52.436191525678808        352.27334942125276     
  -22.748447301614849        52.411534912507719        350.12439880119558     
  -22.000918768434886        52.338460041484474        348.02161876320491     
  -21.261779068401712        52.221186772111736        345.96538416299217     
  -20.531364124630425        52.063780081191624        343.95586297965980     
  -19.809966863260591        51.870145215116992        341.99303687852228     
  -19.097839247648331        51.644024541467431        340.07672086434445     
  -18.395194315947808        51.388995915060981        338.20658195564016     
  -17.702208207867312        51.108472381723445        336.38215683208341     
  -17.019022168239214        50.805703052461091        334.60286842590085     
  -16.345744516779877        50.483774991073993        332.86804144443937     
  -15.682452575028954        50.145615969190011        331.17691682508774     
  -15.029194542944122        49.793997953948690        329.52866513552863     
  -14.385991318986848        49.431541204879380        327.92239894208939     
  -13.752838258768481        49.060718867703017        326.35718417692425     
  -13.129706868437633        48.683861963682482        324.83205054108538     
  -12.516546429983853        48.303164683630250        323.34600098540409     
  -11.913285556514873        47.920689905659913        321.89802031468207     
  -11.319833676341887        47.538374865173672        320.48708296315016     
  -10.736082445385943        47.158036914367493        319.11215999064825     
  -10.161907088006462        46.781379316683285        317.77222534965193     
  -9.5971676668568460        46.409997029134686        316.46626147325674     
  -9.0417102827999152        46.045382432282786        315.19326423364367     
  -8.4953682062743514        45.688930973854418        313.95224731949696     
  -7.9579629417994120        45.341946697599511        312.74224607942517     
  -7.4293052275455835        45.005647634003729        311.56232087672407     
  -6.9091959720895773        44.681171033938782        310.41155999889708     
  -6.3974271306191586        44.369578430280853        309.28908216326755     
  -5.8937825229620548        44.071860515992817        308.19403865783886     
  -5.3980385958886341        43.788941830185230        307.12561515432299     
  -4.9099651321847606        43.521685246281137        306.08303322800248     
  -4.4293259090134089        43.270896258645664        305.06555161685054     
  -3.9558793080850703        43.037327065938236        304.07246725012732     
  -3.4893788801410404        42.821680451035682        303.10311607452320     
  -3.0295738662235441        42.624613458689183        302.15687370384063     
  -2.5762096781649135        42.446740873146545        301.23315591621559     
  -2.1290283406772534        42.288638498820610        300.33141902097344     
  -1.6877688973662417        42.150846247738535        299.45116011541029     
  -1.2521677829299205        42.033871037989847        298.59191725008276     
 -0.82195916373706890        41.938189507722292        297.75326951958277     
 -0.39687524891157738        41.864250549433756        296.93483709426641     
   2.3353426019678429E-002   41.812477669391988        296.13628120699639     
  0.43899774092650429        41.783271176996884        295.35730410764251     
  0.85032975640088249        41.777010208796092        294.59764899685962     
   1.2576225007517401        41.794054591685281        293.85709994952344     
   1.6611497768748329        41.834746549580629        293.13548183714613     
   2.0611859872626459        41.899412257551134        292.43266025761142     
   2.4580059754744639        41.988363247051467        291.74854147965402     
   2.8518848824378038        42.101897665507941        291.08307240865753     
   3.2430980159988860        42.240301393087698        290.43624057955350     
   3.6319207321815052        42.403849019028982        289.80807418185896     
   4.0186283266502807        42.592804679433392        289.19864212119376     
   4.4034959349056910        42.807422757922168        288.60805412095851     
   4.7867984397643246        43.047948450042227        288.03646086722563     
   5.1688103846983644        43.314618191775786        287.48405419929333     
   5.5498058916233086        43.607659951962745        286.95106734776846     
   5.9300585817323341        43.927293387890010        286.43777522147332     
   6.3098414979794120        44.273729862738016        285.94449474390564     
   6.6894270278113366        44.647172323004355        285.47158523941550     
   7.0690868247411798        45.047815033449218        285.01944886869035     
   7.4490917273423838        45.475843166528996        284.58853111255235     
   7.8297116742237645        45.931432242705753        284.17932130246589     
   8.2112156135212047        46.414747417442413        283.79235319551861     
   8.5938714054118268        46.925942610120451        283.42820559097089     
   8.9779457161210914        47.465159469550237        283.08750298475923     
   9.3637039018526469        48.032526170188660        282.77091625758044     
   9.7514098810251433        48.628156032637541        282.47916339136981     
   10.141325993149708        49.252145961474916        282.21301020810859     
   10.533712842626755        49.904574692974812        281.97327112394862     
   10.928829125681485        50.585500844806738        281.76080991061440     
   11.326931438594334        51.294960759380679        281.57654045493234     
   11.728274065316096        52.032966132126546        281.42142750612811     
   12.133108742488142        52.799501415678378        281.29648739922948     
   12.541684399816717        53.594520990685069        281.20278874149454     
   12.954246873677491        54.417946093804119        281.14145304725758     
   13.371038591753244        55.269661493368410        281.11365530493379     
   13.792298226435014        56.149511903264433        281.12062445814712     
   14.218260314646177        57.057298125743969        281.16364378103788     
   14.649154841681558        57.992772914230471        281.24405112576551     
   15.085206786591012        58.955636547700294        281.36323901804332     
   15.526635626581225        59.945532108944100        281.52265457422862     
   15.973654797862592        60.962040459973380        281.72379921104550     
   16.426471110332507        62.004674909063425        281.96822811644296     
   16.885284113464902        63.072875565450417        282.25754944739680     
   17.350285410771356        64.166003379564714        282.59342321766621     
   17.821657920215177        65.283333868922952        282.97755983562541     
   18.299575077999908        66.424050532461109        283.41171824933838     
   18.784199983222269        67.587237959212302        283.89770365305304     
   19.275684480980921        68.771874640862308        284.43736470630108     
   19.774168181671570        69.976825501900066        285.03259021384287     
   20.279777414381389        71.200834165864379        285.68530521184670     
   20.792624112527086        72.442514981620704        286.39746640300615     
   21.312804630167424        73.700344839725062        287.17105688084558     
   21.840398487769356        74.972654815788133        288.00808008133771     
   22.375467046623569        76.257621685377089        288.91055289824897     
   22.918052111597834        77.553259363414611        289.88049789746304     
   23.468174462491824        78.857410330272202        290.91993456502775     
   24.025832314922912        80.167737116817293        292.03086952397717     
   24.590999712435629        81.481713931548967        293.21528565625488     
   25.163624852395365        82.796618524620627        294.47513006847731     
   25.743628349205874        84.109524395946650        295.81230084402114     
   26.330901439486109        85.417293467646545        297.22863252918728     
   26.925304135059701        86.716569354683315        298.72588030820606     
   27.526663330953664        88.003771381557200        300.30570283081255     
   28.134770877073155        89.275089507130417        301.96964366726303     
   28.749381623816554        90.526480333850159        303.71911137920051     
   29.370211453616342        91.753664391518370        305.55535821091462     
   29.996935312230743        92.952124898985986        307.47945742447541     
   30.629185255558784        94.117108219328230        309.49227932411003     
   31.266548529794036        95.243626234724601        311.59446604016563     
   31.908565704850947        96.326460875902640        313.78640517113485     
   32.554728883168529        97.360171047028501        316.06820241351716     
   33.204480008190089        98.339102189704107        318.43965334368175     
   33.857209298997859        99.257398728579943        320.90021455321272     
   34.512253839706553        100.10901963529226        323.44897437916762     
   35.168896354239209        100.88775733624558        326.08462351285311     
   35.826364198967354        101.58726017244108        328.80542581454461     
   36.483828607331077        102.20105859537755        331.60918970632855     
   37.140404221895281        102.72259525135669        334.49324056001922     
   37.795148950269343        103.14525906672252        337.45439454082054     
   38.447064181841348        103.46242339819862        340.48893440879812     
   39.095095402270779        103.66748825526697        343.59258781786383     
   39.738133242062894        103.75392653537857        346.76050868425295     
   40.375014994231272        103.71533413788505        349.98726222165533     
   41.004526633964367        103.54548373942130        353.26681425641959     
   41.625405370276866        103.23838192289080        356.59252544168942     
   42.236342755787440        102.78832925543647        359.95715098208939     
   42.835988375976534        102.18998280945809        363.35284645885986     
   43.422954133514743        101.43842051693230        366.77118030753331     
   43.995819136512026        100.52920664349342        370.20315344498914     
   44.553135191843360        99.458457567839034        373.63922646904410     
   45.093432896112510        98.222906957281722        377.06935476109902     
   45.615228307409943        96.819969345214275        380.48303171083523     
   46.117030170925695        95.247801044608295        383.86934015223756     
   46.597347660853330        93.505357277212738        387.21701195376556     
   47.054698590061442        91.592444364554936        390.51449554453569     
   47.487618027942723        89.509765817620021        393.75003098595477     
   47.894667255937151        87.258961180207081        396.91173201819953     
   48.274442979747114        84.842636528823490        399.98767432784302     
   48.625586707519965        82.264385611171349        402.96598910200055     
   48.946794194574650        79.528800716422779        405.83496076130649     
   49.236824847900635        76.641472513084054        408.58312760484586     
   49.494510977951180        73.608978262618237        411.19938396091720     
   49.718766781455372        70.438858016179097        413.67308232408823     
   49.908596937311771        67.139578623608571        415.99413387683069     
   50.063104698279830        63.720485622897556        418.15310574776890     
   50.181499364269790        60.191743328211118        420.14131335189649     
   50.263103028597115        56.564263688119631        421.95090619341943     
   50.307356496585790        52.849624735092227        423.57494559013929     
   50.313824286271611        49.059979684592292        425.00747289888722     
   50.282198633487653        45.207957959369388        426.24356698223863     
   50.212302438051225        41.306559604330779        427.27938985374942     
   50.104091103788704        37.369044713075361        428.11221966695467     
   49.957653242348449        33.408819603288684        428.74047046575197     
   49.773210228734861        29.439321550635800        429.16369838293696     
   49.551114614792574        25.473903917054994        429.38259425122902     
   49.291847425011255        21.525723488679706        429.39896286845823     
   48.996014376545915        17.607631771982984        429.21568942705625     
   48.664341081816126        13.732071886832474        428.83669386939670     
   48.297667307060173        9.9109825462036554        428.26687415744925     
   47.896940373429487        6.1557104299002638        427.51203964129138     
   47.463207798331936        2.4769320504042618        426.57883587125480     
   46.997609283560379       -1.1154140197150926        425.47466231933640     
   46.501368163142025       -4.6121839298167471        424.20758455504023     
   45.975782427761750       -8.0050739579641945        422.78624245866507     
   45.422215444071142       -11.286654398604588        421.21975605237265     
   44.842086486290270       -14.450392017655179        419.51763048866150     
   44.236861194398188       -17.490661375359782        417.68966166082549     
   43.608042068104446       -20.402745509591931        415.74584379518456     
   42.957159098951166       -23.182826639153927        413.69628025561371     
   42.285760634598645       -25.827967685354778        411.55109864282286     
   41.595404559900089       -28.336085519243110        409.32037110973067     
   40.887649869081827       -30.705916920956380        407.01404064581976     
   40.164048692518683       -32.936978287390161        404.64185391288919     
   39.426138830520543       -35.029520146345952        402.21330104700195     
   38.675436835493265       -36.984477531768938        399.73756268088056     
   37.913431673045295       -38.803417248478276        397.22346429105880     
   37.141578982286759       -40.488483009142136        394.67943783752054     
   36.361295945883768       -42.042339364590120        392.11349054235978     
   35.573956771520749       -43.468115274377304        389.53318054946334     
   34.780888778389453       -44.769348081232060        386.94559911996265     
   33.983369075229035       -45.949928563865242        384.35735894822540     
   33.182621810322090       -47.014047650548576        381.77458812996980     
   32.379815968712521       -47.966145283512837        379.20292927675160     
   31.576063687733953       -48.810861833825690        376.64754324835826     
   30.772419058683731       -49.552992379852128        374.11311696506857     
   29.969877380091752       -50.197444081156164        371.60387476367714     
   29.169374826448912       -50.749196804876448        369.12359277295070     
   28.371788495400168       -51.213267093960248        366.67561580408795     
   27.577936796191551       -51.594675506617435        364.26287627814781     
   26.788580142505197       -51.898417304133119        361.88791474374653     
   26.004421913638904       -52.129436419698862        359.55290157317575     
   25.226109649205590       -52.292602603943386        357.25965946217804     
   24.454236444067256       -52.392691612973110        355.00968639681895     
   23.689342512005485       -52.434368281468771        352.80417878923970     
   22.931916888601389       -52.422172306150230        350.64405452178045     
   22.182399245892928       -52.360506553095853        348.52997567536369     
   21.441181793545212       -52.253627695343937        346.46237075263065     
   20.708611243464684       -52.105638984271856        344.44145623874766     
   19.984990816972623       -51.920484958823423        342.46725737278655     
   19.270582275795473       -51.701947900146351        340.53962802997728     
   18.565607960203469       -51.453645845061317        338.65826963985512     
   17.870252819614105       -51.179031979510100        336.82274908737764     
   17.184666422858193       -50.881395242271900        335.03251556352717     
   16.508964937072363       -50.563861979394950        333.28691634883415     
   15.843233065825737       -50.229398500617371        331.58521152779969     
   15.187525938606163       -49.880814400249555        329.92658764450789     
   14.541870945181781       -49.520766516309138        328.31017031998636     
   13.906269509617953       -49.151763412932283        326.73503586026249     
   13.280698799870461       -48.776170282063951        325.20022189077378     
   12.665113369898229       -48.396214171023409        323.70473705799185     
   12.059446732147705       -48.013989452649753        322.24756984299785     
   11.463612859063197       -47.631463464282021        320.82769653446127     
   10.877507612979523       -47.250482250771249        319.44408841019253     
   10.301010104362616       -46.872776355027362        318.09571817730006     
   9.7339839788875100       -46.499966607259701        316.78156572112169     
   9.1762786342888258       -46.133569871076766        315.50062321264556     
   8.6277303682935269       -45.775004710979623        314.25189962318456     
   8.0881634592564673       -45.425596951534402        313.03442469373152     
   7.5573911813725143       -45.086585103668469        311.84725240477360     
   7.0352167565414705       -44.759125638133142        310.68946399046661     
   6.5214342451191003       -44.444298090246704        309.56017053902212     
   6.0158293779052956       -44.143109983611090        308.45851521900141     
   5.5181803318034524       -43.856501563620327        307.38367516898398     
   5.0282584516385258       -43.585350334285224        306.33486308582718     
   4.5458289206489697       -43.330475394222802        305.31132854448316     
   4.0706513821739643       -43.092641569635312        304.31235908012627     
   3.6024805150453520       -42.872563343765890        303.33728106117826     
   3.1410665651667173       -42.670908583697113        302.38546037972282     
   2.6861558357229569       -42.488302066484742        301.45630298378734     
   2.2374911384148519       -42.325328807519043        300.54925527404282     
   1.7948122080569267       -42.182537194705930        299.66380438564403     
   1.3578560828151205       -42.060441932582549        298.79947837419911     
  0.92635745229526023       -41.959526800848550        297.95584632322885     
  0.50004897562547634       -41.880247232024047        297.13251838894183     
   7.8661571606869846E-002  -41.823032713055362        296.32914579672070     
 -0.33807531706198579       -41.788289015696094        295.54542080237587     
 -0.75043348354876782       -41.776400260406874        294.78107662997644     
  -1.1586857387671436       -41.787730818355307        294.03588739690844     
  -1.5631057135634419       -41.822627055868494        293.30966803573483     
  -1.9639676794610950       -41.881418925403594        292.60227422142731     
  -2.3615463862699131       -41.964421406765638        291.91360231161389     
  -2.7561169149193372       -42.071935801923303        291.24358930661725     
  -3.1479545439224639       -42.204250886358494        290.59221283525466     
  -3.5373346279204840       -42.361643919440546        289.95949117161433     
  -3.9245324867950733       -42.544381515844080        289.34548328731557     
  -4.3098233038689626       -42.752720379536171        288.75028894309088     
  -4.6934820317422767       -42.986907901345752        288.17404882289367     
  -5.0757833043341565       -43.247182620600164        287.61694471312580     
  -5.4570013537155146       -43.533774550771774        287.07919972899253     
  -5.8279698813268963       -43.838805004097630        286.57370606244143     
   0.0000000000000000        9.2335928551270567E-320   4.6361111634530758E-310
   6.9193901797857849E-310   0.0000000000000000        0.0000000000000000     
  -44.178021176904124        286.07501637710754       -6.5874640046464421     
