   0.0000000000000000        0.0000000000000000        9.2335928551270567E-320
   6.3246901494274609E-003   3.0592420124190584E-002  -1.0965406476440356E-002
   6.0633448723892355E-003   3.4460171997341547E-002  -1.0145839207323933E-002
   6.6933327121403048E-003   3.9202604544336217E-002  -1.0091399650262942E-002
   7.4159555162167066E-003   4.4426387641925108E-002  -1.0037455470513754E-002
   8.2398632248638463E-003   5.0196390634871947E-002  -9.9839142997926074E-003
   9.1748179797499687E-003   5.6590924242863855E-002  -9.9307087287050320E-003
   1.0232114236144167E-002   6.3695246051807347E-002  -9.8777385634060515E-003
   1.1424687254271499E-002   7.1603128440524216E-002  -9.8248724952142083E-003
   1.2767264936951305E-002   8.0418105238217033E-002  -9.7719459767259889E-003
   1.4276543323326460E-002   9.0254836089784990E-002  -9.7187597478546588E-003
   1.5971388270804500E-002  0.10124060379095214       -9.6650791652707138E-003
   1.7873065697840553E-002  0.11351696464365758       -9.6106345542722321E-003
   2.0005503166053318E-002  0.12724157362245606       -9.5551228660103928E-003
   2.2395586001650685E-002  0.14259020830153643       -9.4982110014590095E-003
   2.5073491617766931E-002  0.15975901797709907       -9.4395412604190675E-003
   2.8073066207287754E-002  0.17896702726450070       -9.3787394940826625E-003
   3.1432248537114640E-002  0.20045892669093002       -9.3154266893372400E-003
   3.5193546197332323E-002  0.22450818648510223       -9.2492348996990256E-003
   3.9404570350930201E-002  0.25142053393432873       -9.1798286711108693E-003
   4.4118635801040203E-002  0.28153783939176047       -9.1069334029104578E-003
   4.9395434053574543E-002  0.31524246133543732       -9.0303724503367697E-003
   5.5301788015332337E-002  0.35296210687693375       -8.9501152343160507E-003
   6.1912498044061751E-002  0.39517527087078075       -8.8663392014352096E-003
   6.9311290272056431E-002  0.44241732437630177       -8.7795092030267582E-003
   7.7591879474711439E-002  0.49528733177174733       -8.6904787765877678E-003
   8.6859160267976160E-002  0.55445568542942669       -8.6006189654362214E-003
   9.7230542113753426E-002  0.62067265765586677       -8.5119817672601288E-003
  0.10883744551217504       0.69477798172331862       -8.4275071400242291E-003
  0.12182697888897531       0.77771158742439961       -8.3512848175672158E-003
  0.13636381807223502       0.87052563184374654       -8.2888851281403136E-003
  0.15263231292589197       0.97439798315134485       -8.2477767336641486E-003
  0.17083884870117624        1.0906473343939784       -8.2378539273068041E-003
  0.19121449301862695        1.2207501457279597       -8.2721021110098991E-003
  0.21401796314352187        1.3663596375552816       -8.3674376641063170E-003
  0.23953895241153769        1.5293270838787680       -8.5457680419347981E-003
  0.26810185934891867        1.7117256851885621       -8.8353301574384951E-003
  0.30006996826698296        1.9158773336697521       -9.2723805923068253E-003
  0.33585013595444957        2.1443826208469892       -9.9033308326139102E-003
  0.37589804560875895        2.4001544793576137       -1.0787445630572851E-002
  0.42072409641179781        2.6864558968074208       -1.2000254147428946E-002
  0.47090000524607845        3.0069421910906922       -1.3637863476325784E-002
  0.52706620605272225        3.3657083936733088       -1.5822414663571038E-002
  0.58994014235051329        3.7673423507246930       -1.8708985175644316E-002
  0.66032555957524242        4.2169842222889722       -2.2494322310318837E-002
  0.73912291628381888        4.7203931376405492       -2.7427893577244178E-002
  0.82734104703828226        5.2840218514152539       -3.3825867871583426E-002
  0.92611022510201391        5.9151003410251226       -4.2088801920775243E-002
   1.0366967901313238        6.6217293924107077       -5.2724008192814753E-002
   1.1605195250501188        7.4129853397407732       -6.6373833416473904E-002
   1.2991679875141930        8.2990372568881252       -8.3851393808679175E-002
   1.4544230251154382        9.2912780463546945      -0.10618570996914167     
   1.6282797301155616        10.402471037069260      -0.13467868123930382     
   1.8229731194738183        11.646913888673163      -0.17097696152139041     
   2.0410068597596651        13.040621809131734      -0.21716257850778248     
   2.2851853948096754        14.601532326950892      -0.27586711766703176     
   2.5586498773472783        16.349734119845156      -0.35041552529875952     
   2.8649183548975921        18.307722686426800      -0.44500714241244860     
   3.2079307157860413        20.500685948802548      -0.56494355673867780     
   3.5920989631560261        22.956823174235851      -0.71691537831232255     
   4.0223634535979587        25.707700868360913      -0.90936327102324210     
   4.5042558109698767        28.788649457392957       -1.1529327309648452     
   5.0439693023700976        32.239204532992659       -1.4610474906675379     
   5.6484375361038399        36.103595998954468       -1.8506334454414475     
   6.3254224001752712        40.431287338682942       -2.3430341756963218     
   7.0836121859968708        45.277564947074723       -2.9651711809103585     
   7.9327308053148595        50.704173303081518       -3.7510177695148270     
   8.8836588598627131        56.779984554356815       -4.7434763580070509     
   9.9485669853043532        63.581679073943533       -5.9967762365896498     
   11.141061241773585        71.194394011946599       -7.5795445227754863     
   12.476339173198532        79.712265639969075       -9.5787492366784974     
   13.971353213571446        89.238742028287987       -12.104772540762523     
   15.644974929981213        99.886465696358357       -15.297946259844696     
   17.518148471897213        111.77640692515132       -19.336971631422209     
   19.614013503231504        125.03574612660958       -24.449748358248595     
   21.957965273007783        139.79372729616583       -30.927244908992279     
   24.577600049841656        156.17429126655242       -39.141129235480896     
   27.502464641980431        174.28369059032650       -49.565897765670591     
   30.763484658274407        194.19041899325561       -62.806097596774876     
   34.391881707579429        215.89358836119789       -79.628766709995546     
   38.417298020647117        239.27431544418209       -101.00014311643938     
   42.864721366761970        264.02279425294034       -128.12358353079645     
   47.749640357673385        289.53180462526427       -162.47186257237746     
   53.070666902940488        314.74615438892124       -205.80079987662327     
   58.798667042983034        337.95844225679718       -260.12167642795646     
   64.861312718023456        356.54719032452920       -327.59678013567873     
   71.122041297866559        366.66793171753841       -410.30668355167830     
   77.352917697646859        362.93662469113599       -509.82358633108106     
   83.202171999811810        338.19287182472090       -626.52173876227005     
   88.159629561545870        283.49840222051188       -758.58066706533737     
   91.527147626348693        188.60215680797404       -900.71382781189220     
   92.406338465236814        43.151686192852708       -1042.8078687405707     
   89.721078569241385       -161.11501646677607       -1168.8875057365185     
   82.294780680987813       -427.18932982109709       -1257.0728152770000     
   68.997812281831557       -749.07954162901115       -1281.3241503151821     
   48.964456581512124       -1108.6573795278955       -1215.5526562400128     
   21.850655586912467       -1474.6790168844302       -1039.9281604546038     
  -11.929424912124205       -1805.5407606861595       -748.01702306986840     
  -51.071845153631784       -2056.3073022209364       -352.24739373382192     
  -93.431367194228073       -2188.6896616098916        115.03758286954098     
  -136.27675717378708       -2180.8264216983644        606.42521043144870     
  -176.70631826329137       -2033.1623251698622        1069.2340786373736     
  -212.11313136400207       -1768.0688194594841        1457.0108175235907     
  -240.56968860047215       -1423.4979228329044        1738.6951964724503     
  -261.03648194788150       -1043.3677647186360        1902.6665379852213     
  -273.36789489471687       -668.23510032710453        1955.2723841354377     
  -278.15517711527957       -328.93580267264230        1915.5331804749139     
  -276.48270409882196       -44.122158662730783        1808.5595622277888     
  -269.67422993086836        178.92646286325635        1659.8088180206685     
  -259.08243204887924        341.59809825514554        1491.2751545715109     
  -245.94509445288628        450.70483232082540        1319.7248775401517     
  -231.30734880379003        515.61514225290648        1156.5022828843194     
  -215.99610940542314        546.16815888664155        1008.2615014130705     
  -200.62894471446484        551.40447702685219        878.07156088195234     
  -185.64151863218780        538.95602375321914        766.53081527139636     
  -171.32198286892600        514.88360490401112        672.70590649829433     
  -157.84508023133776        483.77349340387309        594.83661357230017     
  -145.30219752791186        448.95513091287694        530.81891630300822     
  -133.72595322702580        412.75281453324044        478.50874094437916     
  -123.10927794257557        376.72375588198611        435.89469644337987     
  -113.41962373308826        341.86130384172520        401.18230419543266     
  -104.60918182192569        308.75770741501219        372.82256210021581     
  -96.621992896547198        277.72883887958182        349.50814817102594     
  -89.398727103274368        248.90667299397384        330.15274916085741     
  -82.879766727442799        222.30609980409284        313.86321370560654     
  -77.007082083774463        197.87216423245977        299.91023824426617     
  -71.725267364365436        175.51284621135926        287.70068915322622     
  -66.982003147351904        155.12142641120460        276.75304831109099     
  -62.728135104944116        136.59151156966692        266.67651925395040     
  -58.917500898390216        119.82698638670783        257.15380995792890     
  -55.506595458814445        104.74852174386373        247.92735202148702     
  -52.454135248153882        91.297781084673858        238.78861604536166     
  -49.720561691858300        79.440099224574368        229.57016986681526     
  -47.267510447435207        69.166131971882322        220.14015668357018     
  -45.057264786107190        60.492765920041052        210.39891739634083     
  -43.052206873331393        53.463415733733171        200.27752929956938     
  -41.214279269833355        48.147706244529900        189.73807102710265     
  -39.504469943499636        44.640428330554499        178.77544400710275     
  -37.882337067189127        43.059564802128193        167.42057768523392     
  -36.305594550202116        43.543103452970570        155.74481422549434     
  -34.729785285010259        46.244291443358406        143.86520369249772     
  -33.108076071185472        51.324945137246800        131.95033943363785     
  -31.391215510789415        58.946423962090932        120.22622450819597     
  -29.527702989198659        69.257921811164579        108.98148688818628     
  -27.464221950048255        82.381844491254213        98.571063993554844     
  -25.146392437795122        98.396247551354634        89.417275899203048     
  -22.519894337862873        117.31462360553513        82.007033694002530     
  -19.532001662194482        139.06376118857304        76.883831392569220     
  -16.133547392462916        163.46094029484740        74.633205855951132     
  -12.281306050189514        190.19234839100830        75.860586383888517     
  -7.9407366472488974        218.79522472076567        81.160957529367579     
  -3.0889731640523763        248.64675985425728        91.080567527157200     
   2.2821130046447777        278.96304522915739        106.07202823103546     
   8.1630171737650272        308.81121853803302        126.44549898205980     
   14.524163763293863        337.13723439789356        152.32006671302400     
   21.314249608239322        362.81031747305474        183.58067797402629     
   28.459686681883003        384.68315545809412        219.84673038810820     
   35.865413048919237        401.66445118600910        260.45836929171810     
   43.417241031967983        412.79793925983734        304.48541828995320     
   50.985765940892321        417.33988108509789        350.76163671840141     
   58.431682281982773        414.82591992372187        397.94383413583773     
   65.612171978496818        405.11843898714318        444.59174764505946     
   72.387871658080570        388.42740394753667        489.26117688702277     
   78.629823979487455        365.30091605243769        530.60040930178729     
   84.225793920617477        336.58582052593312        567.43905320030160     
   89.085393413192776        303.36291861036784        598.85930707902025     
   93.143597999673361        266.86477474038310        624.24228882635805     
   96.362432971325717        228.38611821031020        643.28579095654663     
   98.730819499214817        189.19708660585604        655.99393215297710     
   100.26276770937505        150.46814019686065        662.64282505295944     
   100.99425407584891        113.21284534189962        663.72894104014222     
   100.97920766797439        78.251535535495265        659.90800974567071     
   100.28505051594666        46.195776199609156        651.93207606649980     
   98.988200738507985        17.451098747264098        640.59105781990627     
   97.169870135421291       -7.7660911222273796        626.66325428434266     
   94.912390499992867       -29.402150323479219        610.87720942031183     
   92.296203091804017       -47.534936776711206        593.88549888613500     
   89.397557119759355       -62.341503248334831        576.24960867650520     
   86.286893696072880       -74.067625309083212        558.43418295488368     
   83.027844282971287       -83.001019753236193        540.80850553494315     
   79.676745956471464       -89.449197263329921        523.65304337276223     
   76.282566240815072       -93.722174506347628        507.16909741561244     
   72.887133214811030       -96.119770400858272        491.48995927077755     
   69.525577501287273       -96.922912471698496        476.69236857503358     
   66.226907746101460       -96.388243743249717        462.80744245014080     
   63.014657343616662       -94.745303373017649        449.83056924033320     
   59.907555502493992       -92.195612772917016        437.73000946052059     
   56.920189131387801       -88.913098463117265        426.45412758562816     
   54.063632963014328       -85.045397489930238        415.93729729292181     
   51.346033782276564       -80.715703364022616        406.10459198614990     
   48.773140821340220       -76.024909299370165        396.87540449768028     
   46.348778731443048       -71.053885184287509        388.16614642914914     
   44.075262499763724       -65.865782833766914        379.89216865509559     
   41.953755703164319       -60.508300808708384        371.96902831188072     
   39.984574970134844       -55.015857518772890        364.31321070782263     
   38.167444747553446       -49.411623133687442        356.84240212316581     
   36.501707605604452       -43.709352078475860        349.47540521849078     
   34.986496401810243       -37.914944788742446        342.13179541877162     
   33.620875596481739       -32.027657020803588        334.73143593628788     
   32.403959727150891       -26.040875007708991        327.19400186703632     
   31.335017328376523       -19.942393154191365        319.43870939728947     
   30.413568219978941       -13.714175858391883        311.38450076550350     
   29.639480851461371       -7.3316636701786422        302.95098873020538     
   29.013074052426447      -0.76280001133201836        294.06049305771313     
   28.535223972655587        6.0328984246999084        284.64146394127897     
   28.207472422380548        13.104756240683969        274.63341824361999     
   28.032128189879657        20.510289098323881        263.99313530698140     
   28.012350334377061        28.313057999548789        252.70121618949435     
   28.152205540755858        36.579084548829655        240.76725529040192     
   28.456705346788510        45.372873890676544        228.23106684134348     
   28.931858461085696        54.755527832543009        215.15716647972698     
   29.584820549792354        64.788894383696402        201.62066165517695     
   30.424283530765649        75.550416696202547        187.68520812156288     
   31.461303394435561        87.162541149631920        173.37734735873619     
   32.710798567045117        99.838092565407919        158.66509987763254     
   34.193944211595351        113.93987627945182        143.45068431481286     
   35.941644694623065        130.05057961807279        127.58714436066225     
   37.999209699821733        149.04894013322973        110.92773601721353     
   40.432312713264338        172.18935072975182        93.417782878271623     
   43.334262796429854        201.18134520408296        75.243838334287830     
   46.834488388465587        238.25746474453092        57.064811158780799     
   51.107731031823597        286.19653834642088        40.360575842866297     
   56.382483633363904        348.22906594127187        27.935543605025941     
   62.945324216116290        427.69251583685786        24.589340876852020     
   71.134739319121564        527.24188318454117        37.888967215289199     
   81.314004816663143        647.39332213969180        78.825913106910775     
   93.808802278053591        784.24509084120859        161.92176554366540     
   108.79378464578082        926.44038484660007        304.09599403222978     
   126.11686625718218        1051.8722815604806        521.39145692413865     
   145.06638377224769        1125.4106269907406        822.59511505977366     
   164.12392602872552        1100.2133651354020        1199.3531942793984     
   180.81256269740595        926.51723686228252        1614.5972457521789     
   191.82763816475153        570.97111590798227        1995.5951058629780     
   193.64519340842557        43.320740065325936        2242.0485379475276     
   183.62698382469918       -583.53692182738359        2256.3885116070724     
   161.27839610126955       -1179.5691634396981        1988.5771872827711     
   129.00960986551996       -1597.6457701456964        1470.6177057325626     
   91.844003917035934       -1730.9778695336977        815.33626559769777     
   56.064061260862104       -1555.4367450834416        175.87674904545179     
   27.396788471522171       -1133.4338076469960       -311.26824612773112     
   9.5500019388224473       -581.76434267893001       -568.95014100825415     
   3.6191366423980753       -25.407163655401632       -590.93337646887153     
   8.3834364044190579        439.55280242671950       -425.78008516480861     
   21.147727154299503        762.52724251620157       -148.06903160304000     
   38.699714724298275        936.03253904293365        168.38194933732689     
   58.072054867385233        982.45539350165632        467.44782998208802     
   76.981450569873019        938.32547005122410        716.91523084833352     
   93.959877336295079        841.23063654223415        907.01923712738699     
   108.26061375488874        721.00096007635284        1044.9475538289337     
   119.62971434674299        594.74141957441543        1147.6720121058520     
   128.01717294914067        464.99190303722344        1233.9322183006157     
   133.29115427387049        321.06334158618995        1315.5117386906857     
   135.02752366464946        144.64389631203881        1388.4079636940223     
   132.47671202642056       -78.427434117903886        1426.1983300087495     
   124.84551920145968       -339.00869381793154        1381.3691241582469     
   112.00693950349697       -582.82736869812129        1204.7208954023688     
   95.513411488248266       -705.55468134905277        890.21692340030518     
   79.226371751752254       -597.53082768680019        526.76507212530282     
   68.394613105856706       -243.03976710171514        293.90312964009081     
   66.786011761567181        209.18595505476355        347.64515597238801     
   73.820500809568387        523.45671383108811        673.49785407593663     
   84.748162655556371        563.93624741120038        1083.8677998861349     
   94.021121613586132        384.19890209857658        1380.9781831414880     
   98.521352907511613        136.49708784421068        1494.1331167980879     
   98.146973628371256       -60.420886207390595        1471.0201247654579     
   94.444908828577667       -169.08585397763864        1394.3281347219490     
   89.111825642548581       -208.25739387754993        1323.3678096588019     
   83.236236777086248       -214.64698044463898        1281.8139686175246     
   77.186237445576552       -220.43927380438970        1268.1088308068452     
   70.792345486160883       -246.10540025471232        1268.0931750735563     
   63.593565766564552       -300.36756225412751        1263.0783169700808     
   55.061899863524005       -381.79197390443710        1233.9640877880302     
   44.795859177460699       -480.01045615089208        1163.6864881297197     
   32.691363813259741       -576.61467940451234        1039.7148012603830     
   19.087544966462758       -646.63818730194157        857.29316558953383     
   4.8639190316384884       -661.73179055529317        623.08502909112747     
  -8.5535667915115994       -595.75793197696180        357.89361913597122     
  -19.324305579395102       -432.47263600635665        96.437254861443307     
  -25.485370805839338       -173.33094876151154       -117.66901110961749     
  -25.370236870952212        158.01061621110716       -241.96235938118139     
  -18.047081229724881        517.88225748774312       -247.63135425608880     
  -3.6238903143092074        852.41463317529474       -129.45229967859041     
   16.708185642466546        1111.9151315692088        91.733289330071102     
   40.922793104470685        1263.8717377121880        375.53393083319975     
   66.604946603312996        1299.2487803723811        674.44502385014471     
   91.431294784711611        1230.4805984451414        946.52285674538302     
   113.53393469126979        1083.6681185632940        1163.5393204509310     
   131.67544536538651        889.31774081212097        1313.0473700256402     
   145.24782819367985        675.11688248316318        1395.7386479706199     
   154.15821419029211        462.13526575272590        1420.6911280636691     
   158.67166048724843        264.05540482472543        1400.7145364184021     
   159.26211147221630        88.243934597809584        1348.9433073338014     
   156.49670513563578       -62.489782160795812        1276.8939372963853     
   150.95842126614701       -188.19907111825910        1193.6958637767727     
   143.20103345854235       -290.50447039991991        1106.0664649142218     
   133.72671820813775       -371.75129248277972        1018.6616642385795     
   122.97735240744063       -434.53673752215718        934.55471553368875     
   111.33291330634448       -481.48394491634110        855.70454032766145     
   99.112953988436772       -515.15182889342577        783.34942590408639     
   86.579187168624202       -537.99948500256096        718.30502420795585     
   73.938595931707880       -552.35573288268688        661.16806387158579     
   61.347255694393283       -560.37108726271322        612.43860353019681     
   48.915330128490098       -563.94876646472767        572.57958285615041     
   36.713647483009282       -564.66264531071738        542.03441957236032     
   24.782025073002643       -563.67392894773388        521.22082217155025     
   13.139224919241286       -561.65688387598630        510.51163202434964     
   1.7941891280834170       -558.74060423875198        510.20335124129599     
  -9.2419456774378546       -554.47202591274367        520.46385430130681     
  -19.943654496265339       -547.80762432598544        541.24641300011535     
  -30.259390240431131       -537.14803390945667        572.16013480157767     
  -40.101540927331030       -520.43935601745034        612.29889231401376     
  -49.339509194716641       -495.37164984306719        660.05294176628593     
  -57.798056780483392       -459.69900555901927        712.95793091789972     
  -65.263418273931194       -411.67519628038826        767.66496015370774     
  -71.499184756236815       -350.54104151858564        820.12210073950325     
  -76.271968989428217       -276.93097026267924        866.01951509323203     
  -79.383266455853175       -193.02260217145522        901.45963714963182     
  -80.699648967459098       -102.27603989413410        923.68625560171108     
  -80.170856454019372       -8.7424188278012025        931.58504513787807     
  -77.827991033444221        83.821705581528136        925.66442470487937     
  -73.763520290639775        172.56935139244854        907.48955789379511     
  -68.105810833023696        255.57771584584634        878.97296040749097     
  -61.002516663859012        331.46321137805376        842.02755359526168     
  -52.616240401807659        399.12369077654034        798.62851552103939     
  -43.124469704266772        457.81920829736828        750.88888205746662     
  -32.715709151101862        507.32956657851173        700.89564258022847     
  -21.581251637270270        547.92138627072154        650.45314306843011     
  -9.9064107254199598        580.16765612271001        600.96110539010442     
   2.1364001427791663        604.80198899971128        553.43637145297930     
   14.392802977509632        622.66990056759505        508.53871987848333     
   26.729992638030382        634.69857878463699        466.52075823283076     
   39.037712748348468        641.80143206211744        427.15302658338908     
   51.225503566756913        644.72130507294287        389.72718764406818     
   63.216337074301322        643.88649069198675        353.18981206000058     
   74.938391710952089        639.35253035680944        316.37399811458931     
   86.317426843325734        630.85040617880827        278.24503145557082     
   97.271648378300370        617.90756564214485        238.08278199970050     
   107.70969767105618        599.98626569909459        195.56750312287090     
   117.53128834308325        576.59650041147768        150.78131315674045     
   126.62954520542007        547.36931175881045        104.16007700067075     
   134.89423363353609        512.09938026895600        56.426754782573767     
   142.21546869310669        470.77317899004186        8.5202801243619888     
   148.48781595094388        423.59268256425617       -38.481216561432802     
   153.61476364756126        370.99293921746880       -83.449172492071625     
   157.51337151273790        313.64279699488179       -125.30668537265205     
   160.11861785315386        252.41613914397101       -163.13521915325134     
   161.38673741024743        188.32642620193246       -196.26821948033898     
   161.29679391790731        122.42757350264628       -224.35038140104234     
   159.84991839332167        55.695500460146150       -247.34477129173501     
   157.06604938559659       -11.086377522696921       -265.47972237021122     
   152.97855672327447       -77.410600560676812       -279.14125336702614     
   147.62768742563100       -143.07425231295019       -288.73157057772551     
   141.05417508112430       -208.14020285215560       -294.52570251215752     
   133.29443827001109       -272.83598660298742       -296.56160740740961     
   124.37847603028672       -337.41330435781310       -294.59120313137987     
   114.33091798378473       -402.00229155721831       -288.10250714371978     
   103.17492065165658       -466.49413511921455       -276.40321102842290     
   90.937983433169450       -530.47431033109558       -258.74160530683935     
   77.658465234302241       -593.21263851017875       -234.43642738365770     
   63.391635924058818       -653.70252420260454       -202.99209379614490     
   48.214385163180310       -710.73426959661379       -164.18533761008621     
   32.228079228766774       -762.98644168941371       -118.11857614908922     
   15.559382740667274       -809.12240628677296       -65.241496189149530     
  -1.6409072498278192       -847.88337379473023       -6.3449621782958729     
  -19.200828527777873       -878.17263130817480        57.468405803224300     
  -36.931756477510490       -899.12741675834411        124.83323980656007     
  -54.634122462429730       -910.17546250804287        194.18660670831741     
  -72.103979783387473       -911.07334862789787        263.84558276061057     
  -89.140004174800609       -901.92416259533047        332.09248948122240     
  -105.55048358372784       -883.17296438199764        397.26198958632790     
  -121.15984675882865       -855.58023642672333        457.82356696176362     
  -135.81431327921376       -820.17557898704217        512.45302511022635     
  -149.38632242430066       -778.19594088623626        560.08767551639630     
  -161.77750834167608       -731.01419334244906        599.96171815491903     
  -172.92011977546863       -680.06453803565614        631.62059292000095     
  -182.77691546794421       -626.77099155193787        654.91535835342904     
  -191.33968321205856       -572.48413779329462        669.98002607857370     
  -198.62661814558709       -518.42978108940986        677.19598258871815     
  -204.67884792142618       -465.67141543550048        677.14808974042126     
  -209.55640946798462       -415.08685406152199        670.57686555142027     
  -213.33396992703993       -367.35813287037809        658.33050614337049     
  -216.09655138338397       -322.97298029819251        641.31964333705298     
  -217.93547375619883       -282.23570427401239        620.47683132149996     
  -218.94467990590988       -245.28519930729789        596.72194525147540     
  -219.21755680988986       -212.11782765112997        570.93401327818822     
  -218.84431986463045       -182.61309963780661        543.92950124537788     
  -217.90998586541306       -156.56031826177656        516.44670998812592     
  -216.49292501532835       -133.68463341909990        489.13570494376887     
  -214.66395395797832       -113.67125646233194        462.55305449562132     
  -212.48591054374162       -96.186904257864001        437.16058901917478     
  -210.01363678889558       -80.897860673483365        413.32739130102834     
  -207.29428893245156       -67.484346943743361        391.33427545918590     
  -204.36789198476117       -55.651164709891987        371.38008981912253     
  -201.26805975777705       -45.134803012506239        353.58927380904288     
  -198.02280892732756       -35.707373933511249        338.02019621934591     
  -194.65540596506452       -27.177857340320983        324.67389205432983     
  -191.18519757277755       -19.391195167710151        313.50289194380912     
  -187.62838745399381       -12.225786279552125        304.41990006489158     
  -183.99873395735122       -5.5899036407959670        297.30612528144246     
  -180.30815364384114       0.58250272645926771        292.01910904975449     
  -176.56722472689052        6.3362296454249645        288.39992630837196     
  -172.78559139583049        11.699168067678954        286.27966523088327     
  -168.97227523657801        16.686353542693581        285.48512039313221     
  -165.13590343198246        21.303576133102979        285.84366234515659     
  -161.28486538181352        25.550471618932363        287.18727447431786     
  -157.42741010715579        29.423068523349741        289.35577440864154     
  -153.57169659078980        32.915804931585171        292.19926078363727     
  -149.72580833515053        36.023056143908804        295.57984582065984     
  -145.89774214117836        38.740230578065848        299.37274901453549     
  -142.09537962832667        41.064499086933921        303.46683692748610     
  -138.32644848454592        42.995224129298947        307.76469871654626     
  -134.59847896540299        44.534152018269538        312.18234704888823     
  -130.91875982428812        45.685425474487516        316.64863022298857     
  -127.29429668868707        46.455466279723936        321.10443450153878     
  -123.73177491484913        46.852769953770974        325.50174680090220     
  -120.23752815100985        46.887646738262333        329.80263784588482     
  -116.81751320434559        46.571936173325810        333.97821545152169     
  -113.47729131888914        45.918716404571484        338.00758735386023     
  -110.22201560931396        44.942024122873704        341.87686344228695     
  -107.05642413745957        43.656596690934208        345.57821865990388     
  -103.98483794474461        42.077644469552354        349.10903041529104     
  -101.01116324719126        40.220658521245326        352.47109815731608     
  -98.138896945799274        38.101256631604059        355.66994778572462     
  -95.371134591208317        35.735068849638367        358.71421972194514     
  -92.710579958246683        33.137662415018497        361.61513662249365     
  -90.159555424765955        30.324504933191207        364.38604473247665     
  -87.720012404235476        27.310963906049778        367.04202159052568     
  -85.393541147877272        24.112340160709380        369.59954205272629     
  -83.181379306527433        20.743932277782562        372.07619425672482     
  -81.084418722864768        17.221128740516036        374.49043707178464     
  -79.103210010268441        13.559524142408975        376.86139067370868     
  -77.237964566049357        9.7750553384048544        379.20865207202201     
  -75.488553765559089        5.8841528397709340        381.55212766061277     
  -73.854505192511283        1.9039019768507046        383.91187515936474     
  -72.334995883319891       -2.1477926572849242        386.30794770172031     
  -70.928842702764527       -6.2520472365366402        388.76023338378536     
  -69.634490128866460       -10.388852464251897        391.28828445241152     
  -68.449995908159948       -14.536951995512993        393.91113164310065     
  -67.373015248181645       -18.673758118234019        396.64708118936545     
  -66.400784437031518       -22.775318704280920        399.51349493731755     
  -65.530105007948649       -26.816350191193152        402.52655802372294     
  -64.757329779056249       -30.770350877122610        405.70104386516709     
  -64.078352260286152       -34.609806360647127        409.05009278377497     
  -63.488600982275187       -38.306493604489049        412.58502826465735     
  -62.983040198416532       -41.831880768613928        416.31524306959574     
  -62.556178056270056       -45.157605480271513        420.24819521724021     
  -62.202082625921705       -48.255993475550156        424.38955956502571     
  -61.914404997386413       -51.100551702877397        428.74358202032653     
  -61.686406902443963       -53.666334728076890        433.31367701941872     
  -61.510987881416398       -55.930041304458769        438.10329063191341     
  -61.380703848506300       -57.869651511757525        443.11701626022818     
  -61.287765036747416       -59.463368541362115        448.36189123107818     
  -61.223996885899410       -60.687591179803917        453.84871368845421     
  -61.180742839577334       -61.513626713395070        459.59309302063008     
  -61.148683917883076       -61.902880219036888        465.61577789543566     
  -61.117547457116146       -61.800355944707235        471.94159281825569     
  -61.075678319739936       -61.126522587017007        478.59606690392866     
  -61.009452766243811       -59.767980531613375        485.59858851876470     
  -60.902531596482930       -57.567982551371188        492.95073367845271     
  -60.734979528940073       -54.318741145279319        500.61841360797621     
  -60.482326803436123       -49.758596104541084        508.50684982590053     
  -60.114720298405530       -43.578404088309753        516.42835381058467     
  -59.596405130136759       -35.442675056296821        524.06472560991801     
  -58.885886593798887       -25.031527436747524        530.92899605477453     
  -57.937227361582046       -12.108728326534106        536.33522725114676     
  -56.703000365363607        3.3820183285221219        539.38975961054803     
  -55.139388479988270        21.196763822454386        539.02158672609903     
  -53.213725728159801        40.661538051581374        534.07144944729430     
  -50.914336142310447        60.561467713615798        523.45572690260769     
  -48.261800922095318        79.091825433393012        506.40863459208049     
  -45.319814326347540        93.923654432020726        482.78193500640373     
  -42.202772715106903        102.43187455072263        453.34654390211949     
  -39.076579409536805        102.10468147603410        420.00386403347920     
  -36.149391725989233        91.095399989647319        385.79451730432538     
  -33.650674473344850        68.802246296248939        354.61149312460111     
  -31.800016972661496        36.297980737361513        330.59859957739832     
  -30.771006123134583       -3.5774399054474770        317.33270144462722     
  -30.658534517965720       -46.572041322535711        317.00412528918241     
  -31.458561417472396       -87.785591146893239        329.85900767641533     
  -33.066629536674483       -122.64018376836805        354.10546477774824     
  -35.296052583538597       -147.76484856628883        386.32570031219359     
  -37.910780334697222       -161.53432188888451        422.25246778605447     
  -40.664021599320847       -164.14227987074105        457.65154775301028     
  -43.333208117352783       -157.26144796842084        489.05188496460971     
  -45.744518251665255       -143.46440294195213        514.16378107531887     
  -47.784335345211090       -125.60855607804842        531.95909863536417     
  -49.398840606028742       -106.33996759174579        542.49189304001357     
  -50.585262822694204       -87.787596992146518        546.58251910569129     
  -51.378915578399969       -71.445056522148889        545.47881761525548     
  -51.839517121383707       -58.192961497279157        540.56949294323579     
  -52.039094231435428       -48.402451010679897        533.18221443672189     
  -52.052574329179436       -42.068731115677792        524.46705670486222     
  -51.951266703003100       -38.940231808171575        515.34859798243917     
  -51.798896126373506       -38.625485746165168        506.52469254464506     
  -51.649621666756815       -40.672082767467941        498.49185515024124     
  -51.547446757512816       -44.619344046262597        491.58214549847446     
  -51.526507376706505       -50.029675762103125        486.00173168229503     
  -51.611844740962312       -56.504319934293449        481.86566098697767     
  -51.820387201368142       -63.688638549054303        479.22642378543912     
  -52.161964620747661       -71.270975443984156        478.09578770858133     
  -52.640252475392664       -78.978008066729046        478.46039829439025     
  -53.253594236399614       -86.568542369106524        480.29208631873109     
  -53.995683900157339       -93.826980832816105        483.55392727713905     
  -54.856110847161730       -100.55719173335308        488.20302885683878     
  -55.820780798898546       -106.57718342413347        494.19088035947726     
  -56.872232768548216       -111.71479205844787        501.46194238371208     
  -57.989874833381407       -115.80448230678803        509.95101531377065     
  -59.150162760742482       -118.68530525563983        519.57981357570247     
  -60.326745859375656       -120.20003188627146        530.25309176030169     
  -61.490604348756122       -120.19546788902534        541.85461604086117     
  -62.610202200681705       -118.52394522726490        554.24324488499360     
  -63.651678794663880       -115.04597102917597        567.24937091872562     
  -64.579101713772161       -109.63399114500317        580.67197468100949     
  -65.354801414754576       -102.17719228076214        594.27654467006619     
  -65.939806138573502       -92.587222886706286        607.79412051048166     
  -66.294392107826724       -80.804660219588470        620.92171163280091     
  -66.378759648128863       -66.805991722760496        633.32432751209933     
  -66.153840300288508       -50.610816710026882        644.63882307101062     
  -65.582233271146265       -32.288913883069654        654.47971126587697     
  -64.629261818345100       -11.966766811759271        662.44702257466020     
  -63.264131601715135        10.166901038413755        668.13619829345976     
  -61.461164002400281        33.857051958275974        671.14989343821856     
  -59.201068358072966        58.780188157616635        671.11143999817125     
  -56.472208531334992        84.544571124366684        667.67958875236195     
  -53.271811827445369        110.69317991199952        660.56401618623295     
  -49.607062646559768        136.70968626194352        649.54096201803259     
  -45.496020017327204        162.02759713804099        634.46826305134607     
  -40.968297869706660        186.04256048466260        615.29898108072177     
  -36.065449997487910        208.12765465799512        592.09279597297916     
  -30.841008393213585        227.65129545520935        565.02435744634295     
  -25.360134048682525        243.99720855007448        534.38786514804383     
  -19.698853186993134        256.58574244042342        500.59727735431284     
  -13.942868747273110        264.89565120430120        464.18173069153556     
  -8.1859560373960747        268.48537031348394        425.77597897044200     
  -2.5279718325284151        267.01275353412990        386.10591661654558     
   2.9274733232162333        260.25224271385639        345.96952577144702     
   8.0756105111311456        248.10850929957184        306.21385796836319     
   12.813289491532188        230.62573648898177        267.70891224890272     
   17.041838040585986        207.99189890012195        231.31948305384037     
   20.669895465903792        180.53763273124216        197.87620663802011     
   23.616108827690582        148.72955965299957        168.14712117448903     
   25.811582800058986        113.15821504173368        142.81106500156824     
   27.201982331008608        74.521016734322387        122.43416716038058     
   27.749200946808003        33.600975059423604        107.45053797118010     
   27.432525973008751       -8.7579294369028560        98.148054160504557     
   26.249254059847352       -51.677602564882875        94.659867223069568     
   24.214734907459089       -94.273722985654786        96.961963340744660     
   21.361846536338966       -135.68341937392273        104.87678861014825     
   17.739930347875514       -175.09153658994649        118.08264546680243     
   13.413237138836145       -211.75439496810964        136.12828483268333     
   8.4589549101198358       -245.02011173548968        158.45188080796152     
   2.9649047327646230       -274.34476472414622        184.40339392527960     
  -2.9729985980249438       -299.30392038140161        213.26921361581503     
  -9.2534192276009293       -319.59930374484600        244.29792400391057     
  -15.772304477607832       -335.06064072796119        276.72605779961702     
  -22.425524026393887       -345.64293728939197        309.80278468996653     
  -29.111356892621174       -351.41966275399784        342.81261329911911     
  -35.732752087130699       -352.57246579552589        375.09535686447589     
  -42.199304344881128       -349.37816503638493        406.06280816680908     
  -48.428903373138937       -342.19381918269136        435.21177453521125     
  -54.349032502206228       -331.44069481531488        462.13332528502821     
  -59.897709510864317       -317.58791704104613        486.51828979614754     
  -65.024077851126179       -301.13651499797521        508.15920498652838     
  -69.688669797840873       -282.60446793729602        526.94903934069396     
  -73.863373650624780       -262.51322606065816        542.87711295324129     
  -77.531144638742646       -241.37603104870135        556.02268807348605     
  -80.685503400192616       -219.68820099394486        566.54672368543982     
  -83.329866729578669       -197.91937866803943        574.68227397933993     
  -85.476752717288946       -176.50757459759797        580.72396872449815     
  -87.146896504331835       -155.85466978258728        585.01694856868789     
  -88.368303758193989       -136.32287849915866        587.94554469218428     
  -89.175256767040864       -118.23151074562151        589.92189286815210     
  -89.607272916428371       -101.85321884522961        591.37455652234598     
  -89.707997488882569       -87.408768827566746        592.73709678907358     
  -89.523992606359059       -75.059255555530967        594.43635832740756     
  -89.103362421199591       -64.894601918324724        596.88001863408226     
  -88.494132608798111       -56.917182941922135        600.44264929480266     
  -87.742282012590991       -51.019554966898738        605.44913027143571     
  -86.889309617420906       -46.955641876167135        612.15372110395526     
  -85.969216831266280       -44.305475589207390        620.71243618546748     
  -85.004802582548905       -42.434905735271286        631.14568234163880     
  -84.003220631427098       -40.453839200837137        643.28763335964027     
  -82.950853494172733       -37.179817156840727        656.71903013144617     
  -81.807738464191218       -31.118253004534495        670.68187256412079     
  -80.502060797929971       -20.476226970075913        683.97911922718004     
  -78.925616647740014       -3.2322731855790607        694.87165125200352     
  -76.931615783059726        22.712562602719345        700.99969916215332     
  -74.336638155352517        59.281834462187135        699.37620841289709     
  -70.928757924878482        107.86747025713817        686.52047771266393     
  -66.483451204642677        168.90812585394906        658.80994455067275     
  -60.787503475474466        241.49867480600972        613.10656368757236     
  -53.668511838179825        323.18754002368985        547.64090754100584     
  -45.024111356988101        410.14045775354680        463.00755614736272     
  -34.842069902356286        497.78239864338514        362.97662623230258     
  -23.202017805053231        581.85044705234122        254.74741988410960     
  -10.253643051024341        659.55223302125887        148.36628412304935     
   3.8255181141357184        730.36476718094912        55.335074131333386     
   18.880306221781694        796.07051879632900       -13.168993894256118     
   34.818570545473378        859.92529363713720       -47.795252679392661     
   51.626607050206246        925.21172921797097       -41.671659081010375     
   69.351537701207803        993.60905547300990        9.9474831486882067     
   88.050947579083811        1063.7039955115479        110.68065725447377     
   107.71403154484132        1129.7151884915556        263.96161877928546     
   128.15781752825021        1180.3269414911297        473.17397397778973     
   148.89963421949315        1197.4714164446227        740.40583360638425     
   169.00428882101323        1154.8181427194472        1063.2519714864984     
   186.90313956255449        1016.0411695487696        1428.1387910783985     
   200.20807543507487        735.83499888590859        1796.9262002761873     
   205.67616299926647        274.71624726692608        2085.9142574814268     
   199.78329257525974       -354.49924610768994        2153.5779127331361     
   180.56658965231253       -1012.5428052943300        1844.6464467268884     
   150.60379801863331       -1410.6447757447429        1130.9879409984160     
   118.71626627904487       -1264.4294896441038        261.48476457799916     
   96.778164353107741       -578.91528896755653       -314.83956218778167     
   92.211027833753178        268.92153512037964       -303.36330931516932     
   103.09614971147658        834.82385777744071        184.62121727942258     
   120.92868363938749        952.81002723073402        791.15602920749507     
   137.22208821082614        748.13234162922708        1236.7580839551438     
   147.43924609023054        426.43383975947563        1449.3333482694343     
   150.77358954886284        121.01479345720986        1487.9472239047564     
   148.23170140878972       -125.50284801027055        1434.9317339782808     
   141.13186791778304       -319.15784658419989        1345.2154153240656     
   130.50434560110034       -477.03232699520163        1243.1531134934678     
   117.05970748582331       -610.53101946389620        1135.6199250932746     
   101.34125423736177       -723.05770758185577        1023.8914922017747     
   83.857642160656297       -813.33270816131812        909.89465791406792     
   65.137789492043140       -879.25443930121810        797.89018220495768     
   45.720312117044358       -920.38024398330572        693.70659889123112     
   26.109771715693739       -938.80018938268040        603.18178255462954     
   6.7284347295701536       -938.85379265098936        530.74884621073988     
  -12.119009762053338       -926.27236568242142        478.52039495216559     
  -30.261358695691854       -907.22022867133603        445.85862512130757     
  -47.658728044767628       -887.52233929713680        429.24062415753383     
  -64.387322810175107       -872.17319421586558        422.18181843928960     
  -80.615924084695109       -865.02346261142554        415.02303797514139     
  -96.574450781702950       -868.31110442260331        394.51591337553555     
  -112.50584985454299       -881.45604193061263        343.40351819525176     
  -128.57965688548950       -898.41249002197549        240.66166448564627     
  -144.73446232007723       -903.21535521581609        63.757462037781579     
  -160.42159334911779       -864.67654153780836       -205.06414059315398     
  -174.26701155490233       -733.78346702468252       -566.75123488573104     
  -183.77185988423133       -450.31618576909386       -988.90999446203887     
  -185.31034745373924        34.922511225619928       -1392.7535723525405     
  -174.73901805739868        724.34494276824125       -1658.7740500482103     
  -148.71518469958423        1543.3925850803193       -1663.4992003362715     
  -106.28778601698824        2345.8373620576867       -1337.4140217282552     
  -49.846900695594741        2966.3901050629056       -705.70270108298973     
   15.278891191047535        3289.6904865687870        124.58721954531529     
   82.341969402189278        3283.3930486634454        1022.7260030373604     
   144.76024281828188        2975.3731731717289        1888.0174766041200     
   196.87251250011738        2406.2835178429559        2659.1179211200024     
   233.85979833765529        1603.3513419911221        3284.3706388338878     
   251.53833636895024        594.67640322645082        3689.6655566978443     
   246.74393408951781       -551.47225802758715        3777.8378331256881     
   218.46488401358280       -1697.5598170250360        3469.4523220525798     
   169.14314929214814       -2650.8941781033113        2763.8306494055632     
   105.13265210355758       -3227.5953856555989        1776.8351917054956     
   35.591165413910971       -3333.5009361340749        718.62262501809619     
  -29.956582147228517       -3008.0497642541050       -184.77779059795830     
  -84.213117175401720       -2400.2027244811925       -778.39790994847090     
  -123.58651544012915       -1695.5246261635407       -1021.0011446152175     
  -148.07357541449431       -1043.9140804454441       -968.15124358715093     
  -160.02269209526298       -524.79679717710701       -721.55261334728698     
  -162.64624883429155       -152.40164527828006       -381.34375274896411     
  -158.91988005884608        98.737331208241812       -21.242301318335421     
  -151.05227009378069        268.26497629073219        314.32449747498731     
  -140.39822493634398        393.76514852545688        601.57841395457945     
  -127.60734251359558        503.50940593195833        826.81116122313597     
  -112.85918932134443        614.10816481458255        978.87303679303864     
  -96.122523394963167        729.47248951989604        1046.1649298091827     
  -77.429897110917111        839.67887940605010        1017.9996706611992     
  -57.164504428695651        920.57252625807268        889.70116529360666     
  -36.322175858120033        936.43786667466202        670.15248656835615     
  -16.660690380712865        848.15702430120427        389.06498105472156     
 -0.61708415195779764        627.31611102007082        99.535918678546977     
   9.0954390870292343        272.75342970061365       -128.80741027508066     
   10.181351259379881       -178.12073551725075       -227.72875003056834     
   1.5446434683575774       -651.75452690903694       -154.67153464539183     
  -16.170978547032178       -1057.9404741045548        87.436789883488473     
  -40.577940882212715       -1319.9653174064074        446.27548007384894     
  -68.146518291990091       -1401.3666511229485        836.05674691959712     
  -95.186425824414584       -1316.1279884633614        1165.9420134836037     
  -118.80575868045850       -1118.6568538932238        1366.7512165442936     
  -137.49645554054348       -880.94071972935899        1404.2697294003160     
  -151.21676280259243       -669.08854772262225        1276.5463387049508     
  -161.07060097423755       -528.24108839768519        1001.0635864913567     
  -168.79494843002067       -477.90659039903790        600.59678238858646     
  -176.24461535454296       -514.56929717064259        94.251199083691631     
  -184.97678890267466       -617.20940030126667       -504.09907177749494     
  -195.96130576914260       -753.07945299401922       -1181.1843666510783     
  -209.41244190617394       -883.39513881647622       -1916.5895024504305     
  -224.74618237717047       -969.80655635325138       -2675.6546665265359     
  -240.68272121776039       -982.08402355679345       -3406.7032694824829     
  -255.50742987845751       -905.88464070990017       -4045.1290087803654     
  -267.46350195087462       -747.95858814885969       -4524.4233440119915     
  -275.19156605797980       -535.99944618102722       -4791.0303954092933     
  -278.09114921104111       -312.08064128819115       -4817.5444114899510     
  -276.48837314409559       -121.46062091816134       -4608.8525689223243     
  -271.55797727869464      -0.73514008558595378       -4198.7013959233082     
  -265.03497279508156        30.580067790853263       -3638.3300453231595     
  -258.81584472765536       -27.038797278541097       -2981.9353405776819     
  -254.56108119487899       -155.04610844758690       -2274.3320083699318     
  -253.37373282924830       -321.10696284758092       -1544.5066273267448     
  -255.57353873366469       -483.24977248004689       -806.27543655325553     
  -260.54882656606316       -592.93077842281241       -65.262268770016931     
  -266.67069953141424       -598.15758850412749        669.77041269830238     
  -271.29559212126162       -449.38905074840454        1374.1561724550459     
  -270.94030310341157       -110.89676285442170        1997.3776251044876     
  -261.74612586231473        422.16263916367666        2461.5691056439732     
  -240.30609332995760        1105.4345153235606        2673.8629809275344     
  -204.78323797337879        1835.2999673790246        2554.0513560013883     
  -156.03151485829414        2457.9993247359616        2071.1497107194900     
  -98.258200794580603        2803.2642106810026        1274.0632370550818     
  -38.784376278979693        2735.6397962978999        298.97273832066412     
   13.259643242214452        2204.4607657662764       -656.23545878377581     
   49.019840426278506        1269.9669385855614       -1384.5504173840100     
   62.123399056360057        92.382349535556529       -1729.1396516174286     
   50.257496912136389       -1112.0081713816994       -1625.4341416653958     
   15.635341073405954       -2129.2602682505712       -1111.2085447730519     
  -35.691229194016245       -2798.4197136848452       -305.30570929628675     
  -95.319296568383038       -3039.4208924184977        632.07414321177725     
  -154.25154162114876       -2855.1502708776220        1540.9705182572161     
  -204.44537661120958       -2314.1885392756567        2292.7785521489382     
  -239.86984131121093       -1524.6049361185335        2805.9529854083571     
  -256.99665055349703       -607.95182753793324        3047.7139047398409     
  -254.80381446947175        321.06236371604177        3026.4260485012196     
  -234.44114558804415        1167.4245657709193        2779.7196863832937     
  -198.71296679290396        1861.8508317468743        2362.1958143857842     
  -151.50363200536333        2361.7439881445243        1834.9129222440533     
  -97.231058253974197        2648.9337979565585        1257.4936613681489     
  -40.377067248729787        2725.7040428742985        682.84301118745884     
   14.883508413219658        2610.1440074697348        154.07574926698112     
   64.950324854829006        2331.4651292141298       -296.84873154419506     
   106.96714476775196        1925.6503986647188       -649.24194566084225     
   138.90462242798355        1431.6393552873124       -892.92241912065037     
   159.57016295745208        888.15746607652045       -1026.8627246119636     
   168.56006217802010        331.24034625175733       -1057.4804713868921     
   166.16938190937540       -207.54157084877124       -996.76736964179486     
   153.27439617496981       -702.19277395586926       -860.41970978196809     
   131.20105285204386       -1132.8077620830238       -666.10244722009043     
   101.59087514814826       -1485.5901823670729       -431.94405158551649     
   66.273300888526308       -1752.4905003490085       -175.32157597994478     
   27.150894084109979       -1930.5793078120867        88.041117029113821     
  -13.898578733186497       -2021.2644745172956        344.67021315144257     
  -55.101337491957679       -2029.4434664792545        583.66514146545956     
  -94.847861899834612       -1962.6613950583721        796.79331796042766     
  -131.73529173257651       -1830.3243269763489        978.40735905544102     
  -164.59378655128833       -1642.9985728742397        1125.2349851501035     
  -192.49910271855350       -1411.8113910411173        1236.0868768446912     
  -214.77379077911485       -1147.9571400084458        1311.5205125570719     
  -230.97936395325883       -862.30510015282357        1353.4900344679311     
  -240.90160967964488       -565.10035718500853        1365.0044885076022     
  -244.53096755373619       -265.74660384387158        1349.8099457523231     
  -242.03961924753276        27.341181063887234        1312.1053070542036     
  -233.75665811526699        306.82601948598807        1256.2970599601392     
  -220.14244502242070        566.49116390298650        1186.7948190607010     
  -201.76302311982514        801.24502606174406        1107.8469990347439     
  -179.26526164536511        1007.0972006397529        1023.4142747700996     
  -153.35322812738715        1181.1126289996967        937.07741649794104     
  -124.76614794617353        1321.3496903427874        851.97550139380439     
  -94.258196543892382        1426.7868933017189        770.77026899858970     
  -62.580279656839338        1497.2418880183563        695.63240589136240     
  -30.463886193720072        1533.2857273905638        628.24573112342989     
   1.3929559512632466        1536.1546653712257        569.82554701189451     
   32.337632923392079        1507.6612757336570        521.14777728618924     
   61.772850216435387        1450.1062818022704        482.58589873357232     
   89.164558143645849        1366.1921932847774        454.15306783656229     
   114.04798376602827        1258.9396254648964        435.54723019080757     
   136.03187003037021        1131.6070158010405        426.19737373293265     
   154.80103404912072        987.61433754231439        425.30943374679543     
   170.11736553019767        830.47132312067447        431.91067937735079     
   181.81939352211066        663.71064722410688        444.89170634791174     
   189.82055583105176        490.82646536729408        463.04542143692447     
   194.10631010156905        315.21865514605832        485.10263512764618     
   194.73022941982470        140.14305405710621        509.76404718824779     
   191.80922784927918       -31.331968303627491        535.72907043126804     
   185.54101695727536       -194.09305515382923        561.48930434604085     
   176.00134274240952       -365.40305595193001        587.93040651514548     
