  -2.2137939386714467        2.0844868751205321        27.119544720621644     
  -2.1473676323869793        2.0780482114779604        27.000000000810285     
  -2.0820704831714330        2.0713235010714883        26.881185987552371     
  -2.0178892555749042        2.0643378998690936        26.763095562054033     
  -1.9548105366051931        2.0571156882269981        26.645721554717134     
  -1.8928207518469242        2.0496802926205095        26.529056760345579     
  -1.8319061809962374        2.0420543072486059        26.413093952279407     
  -1.7720529728222487        2.0342595154847571        26.297825895507746     
  -1.7132471595667331        2.0263169111489945        26.183245358810399     
  -1.6554746707936439        2.0182467195785816        26.069345125976298     
  -1.5987213467002641        2.0100684184768700        25.956118006145523     
  -1.5429729509019001        2.0018007585220077        25.843556843320556     
  -1.4882151827020780        1.9934617837190605        25.731654525090068     
  -1.4344336888603078        1.9850688514809860        25.620403990608008     
  -1.3816140748694683        1.9766386524255277        25.509798237868512     
  -1.3297419157548835        1.9681872298767196        25.399830330316078     
  -1.2788027664071391        1.9597299990611401        25.290493402828865     
  -1.2287821714606273        1.9512817659904043        25.181780667111294     
  -1.1796656747297687        1.9428567460226847        25.073685416531124     
  -1.1314388282147534        1.9344685820971856        24.966201030434199     
  -1.0840872006885656        1.9261303626366111        24.859320977969201     
  -1.0375963858769297        1.9178546391136633        24.753038821453028     
 -0.99195201024269364        1.9096534432785182        24.647348219306028     
 -0.94713974038603255        1.9015383040451113        24.542242928585434     
 -0.90314529007169631        1.8935202640348168        24.437716807143396     
 -0.85995442689438106        1.8856098957768579        24.333763815435518     
 -0.81755297859312459        1.8778173175654160        24.230378018003865     
 -0.77592683902546600        1.8701522089740468        24.127553584657882     
 -0.73506197381191818        1.8626238260285306        24.025284791375025     
 -0.69494442566112224        1.8552410160398041        23.923566020942037     
 -0.65556031938586712        1.8480122320990782        23.822391763356730     
 -0.61689586661996143        1.8409455472376681        23.721756616009184     
 -0.57893737024574032        1.8340486682544059        23.621655283659877     
 -0.54167122854180783        1.8273289492138858        23.522082578231910     
 -0.50508393906040006        1.8207934046190628        23.423033418433082     
 -0.46916210224355948        1.8144487222620169        23.324502829222958     
 -0.43389242478710649        1.8083012757569212        23.226485941139064     
 -0.39926172276118910        1.8023571367594720        23.128977989495613     
 -0.36525692449599328        1.7966220868772360        23.031974313467479     
 -0.33186507324098807        1.7911016292755209        22.935470355071082     
 -0.29907332960588034        1.7858009999835178        22.839461658053526     
 -0.26686897379125391        1.7807251789056018        22.743943866700306     
 -0.23523940761666817        1.7758789005427724        22.648912724571574     
 -0.20417215635378871        1.7712666644292852        22.554364073175947     
 -0.17365487037193425        1.7668927452896332        22.460293850590617     
 -0.14367532660322344        1.7627612029210624        22.366698090035761     
 -0.11422142983431628        1.7588758918068588        22.273572918410753     
  -8.5281213831555569E-002   1.7552404704656830        22.180914554799141     
  -5.6842842306125220E-002   1.7518584105422350        22.088719308948978     
  -2.8894609725659853E-002   1.7487330056445545        21.996983579734476     
  -1.4249419785574862E-003   1.7458673799332478        21.905703853604674     
   2.5577603102931105E-002   1.7432644964679422        21.814876703024265     
   5.2124335354938399E-002   1.7409271653162377        21.724498784911503     
   7.8226432023816170E-002   1.7388580514304037        21.634566839077422     
  0.10389493763201635        1.7370596822970599        21.545077686670844     
  0.12914076396262558        1.7355344553650105        21.456028228632523     
  0.15397469015733148        1.7342846452563911        21.367415444162237     
  0.17840736292274967        1.7333124107662312        21.279236389201827     
  0.20244929684020654        1.7326198016554819        21.191488194937197     
  0.22611087477422023        1.7322087652425102        21.104168066321751     
  0.24940234837507591        1.7320811527980065        21.017273280623904     
  0.27233383867103755        1.7322387257481924        20.930801186000703     
  0.29491533674588244        1.7326831616911449        20.844749200099571     
  0.31715670449758576        1.7334160602310071        20.759114808689972     
  0.33906767547411976        1.7344389486347669        20.673895564326553     
  0.36065785578246728        1.7357532873162342        20.589089085045238     
  0.38193672506708037        1.7373604751517759        20.504693053093483     
  0.40291363755414122        1.7392618546322789        20.420705213695850     
  0.42359782315811184        1.7414587168557674        20.337123373855874     
  0.44399838864717622        1.7439523063650075        20.253945401195043     
  0.46412431886430111        1.7467438258343593        20.171169222829683     
  0.48398447800075561        1.7498344406100763        20.088792824286312     
  0.50358761091904503        1.7532252831081612        20.006814248456070     
  0.52294234452232147        1.7569174570738191        19.925231594588581     
  0.54205718916744317        1.7609120417064752        19.844043017325614     
  0.56094054011896166        1.7652100956542491        19.763246725774959     
  0.57960067904140711        1.7698126608816891        19.682840982624466     
  0.59804577552735827        1.7747207664145175        19.602824103296662     
  0.61628388865886186        1.7799354319650422        19.523194455143873     
  0.63432296859987314        1.7854576714418300        19.443950456683972     
  0.65217085821747078        1.7912884963471383        19.365090576876671     
  0.66983529472969483        1.7974289190655617        19.286613334440368     
  0.68732391137794302        1.8038799560472549        19.208517297209536     
  0.70464423912193030        1.8106426308890111        19.130801081532418     
  0.72180370835532082        1.8177179773164220        19.053463351708913     
  0.73880965064019744        1.8251070420702715        18.976502819468696     
  0.75566930045862646        1.8328108877002174        18.899918243489061     
  0.77238979697963572        1.8408305952687731        18.823708428952578     
  0.78897818584001256        1.8491672669685228        18.747872227144267     
  0.80544142093738236        1.8578220286554241        18.672408535088074     
  0.82178636623410029        1.8667960323009822        18.597316295222473     
  0.83801979757055844        1.8760904583660241        18.522594495114852     
  0.85414840448657325        1.8857065180987282        18.448242167214772     
  0.87017879204956949        1.8956454557594749        18.374258388645469     
  0.88611748268835300        1.9059085507750582        18.300642281033809     
  0.90197091803130192        1.9164971198246834        18.227393010378123     
  0.91774546074788255        1.9274125188601610        18.154509786954105     
  0.93344739639242835        1.9386561450625834        18.081991865258182     
  0.94908293524919163        1.9502294387377723        18.009838543988607     
  0.96465821417771003        1.9621338851526504        17.938049166063756     
  0.98017929845759366        1.9743710163146966        17.866623118677772     
  0.99565218363186980        1.9869424126965149        17.795559833393195     
   1.0110827973480834        1.9998497049075483        17.724858786270723     
   1.0264770011963726        2.0130945753148417        17.654519498035718     
   1.0418405925438110        2.0266787596147675        17.584541534281744     
   1.0571793063643100        2.0406040483574919        17.514924505710699     
   1.0724988170634493        2.0548722884259698        17.445668068409912     
   1.0878047402976143        2.0694853844711467        17.376771924165865     
   1.1031026347868662        2.0844453003049961        17.308235820814748     
   1.1183980041210029        2.0997540602529976        17.240059552629887     
   1.1336962985583046        2.1154137504675461        17.172242960746036     
   1.1490029168164722        2.1314265202037697        17.104785933620697     
   1.1643232078553218        2.1477945830591425        17.037688407532482     
   1.1796624726508085        2.1645202181782697        16.970950367116910     
   1.1950259659599805        2.1816057714240862        16.904571845939419     
   1.2104188980765043        2.1990536565167504        16.838552927106242     
   1.2258464365764035        2.2168663561413604        16.772893743912981     
   1.2413137080537024        2.2350464230256559        16.707594480531455     
   1.2568257998456620        2.2535964809887226        16.642655372734790     
   1.2723877617473407        2.2725192259617470        16.578076708661460     
   1.2880046077152083        2.2918174269817340        16.513858829618144     
   1.3036813175595836        2.3114939271591113        16.450002130922289     
   1.3194228386256579        2.3315516446200295        16.386507062784258     
   1.3352340874629103        2.3519935734241675        16.323374131230011     
   1.3511199514827048        2.3728227844587333        16.260603899064282     
   1.3670852906039077        2.3940424263093685        16.198196986875207     
   1.3831349388863374        2.4156557261085250        16.136154074080515     
   1.3992737061519127        2.4376659903619058        16.074475900016203     
   1.4155063795933363        2.4600766057534424        16.013163265067945     
   1.4318377253701833        2.4828910399292474        15.952217031846109     
   1.4482724901922768        2.5061128422609453        15.891638126404890     
   1.4648154028902174        2.5297456445886843        15.831427539506283     
   1.4814711759729615        2.5537931619440943        15.771586327929606     
   1.4982445071723316        2.5782591932533947        15.712115615827235     
   1.5151400809743718        2.6031476220208147        15.653016596127515     
   1.5321625701374251        2.6284624169923689        15.594290531985362     
   1.5493166371968567        2.6542076328000510        15.535938758281738     
   1.5666069359563084        2.6803874105863650        15.477962683172487     
   1.5840381129654020        2.7070059786091241        15.420363789687803     
   1.6016148089837818        2.7340676528263028        15.363143637382912     
   1.6193416604314121        2.7615768374607512        15.306303864041254     
   1.6372233008250108        2.7895380255444238        15.249846187430856     
   1.6552643622005339        2.8179557994417874        15.193772407115191     
   1.6734694765215785        2.8468348313519276        15.138084406319322     
   1.6918432770736151        2.8761798837888812        15.082784153852703     
   1.7103903998438990        2.9059958100395660        15.027873706089405     
   1.7291154848869577        2.9362875545986844        14.973355209007316     
   1.7480231776754909        2.9670601535798271        14.919230900287081     
   1.7671181304365575        2.9983187351020009        14.865503111472391     
   1.7864050034728718        3.0300685196506536        14.812174270192513     
   1.8058884664690433        3.0623148204122250        14.759246902448552     
   1.8255731997825826        3.0950630435811832        14.706723634964673     
   1.8454638957194687        3.1283186886383842        14.654607197605609     
   1.8655652597940577        3.1620873485995107        14.602900425861810     
   1.8858820119731090        3.1963747102322726        14.551606263403571     
   1.9064188879036874        3.2311865542409723        14.500727764705720     
   1.9271806401246552        3.2665287554168652        14.450268097744013     
   1.9481720392614887        3.3024072827527653        14.400230546765030     
   1.9693978752040895        3.3388281995201088        14.350618515130735     
   1.9908629582672788        3.3757976633067286        14.301435528239521     
   2.0125721203336062        3.4133219260133449        14.252685236524989     
   2.0345302159780956        3.4514073338067641        14.204371418534215     
   2.0567421235745234        3.4900603270276203        14.156497984086979     
   2.0792127463828014        3.5292874400503980        14.109068977517589     
   2.1019470136169782        3.5690953010933026        14.062088581000900     
   2.1249498814933871        3.6094906319754969        14.015561117964117     
   2.1482263342584038        3.6504802478190239        13.969491056586090     
   2.1717813851952514        3.6920710566926402        13.923883013385682     
   2.1956200776092536        3.7342700591946163        13.878741756900931     
   2.2197474857909061        3.7770843479714489        13.834072211460567     
   2.2441687159560977        3.8205211071692684        13.789879461049710     
   2.2688889071627596        3.8645876118145641        13.746168753271260     
   2.2939132322031845        3.9092912271206899        13.702945503404777     
   2.3192468984712269        3.9546394077164777        13.660215298564406     
   2.3448951488035332        4.0006396967930966        13.617983901957594     
   2.3708632622939017        4.0472997251651073        13.576257257246194     
   2.3971565550798437        4.0946272102415371        13.535041493011594     
   2.4237803811003307        4.1426299549025334        13.494342927325487     
   2.4507401328236882        4.1913158462770497        13.454168072427853     
   2.4780412419445437        4.2406928544167641        13.414523639513730     
   2.5056891800486363        4.2907690308612603        13.375416543630267     
   2.5336894592442807        4.3415525070892373        13.336853908685562     
   2.5620476327591959        4.3930514928503941        13.298843072570678     
   2.5907692955013437        4.4452742743723181        13.261391592396297     
   2.6198600845823568        4.4982292124365406        13.224507249845230     
   2.6493256798020566        4.5519247403176388        13.188198056642111     
   2.6791718040925048        4.6063693615790600        13.152472260141410     
   2.7094042239199485        4.6615716477190974        13.117338349034908     
   2.7400287496429376        4.7175402356601408        13.082805059179581     
   2.7710512358248014        4.7742838250740975        13.048881379546833     
   2.8024775814986200        4.8318111755366155        13.015576558293828     
   2.8343137303827084        4.8901311035024442        12.982900108957674     
   2.8665656710445551        4.9492524790939818        12.950861816772882     
   2.8992394370110453        5.0091842226947474        12.919471745112579     
   2.9323411068227343        5.0699353013392603        12.888740242053647     
   2.9658768040298207        5.1315147248904696        12.858677947065917     
   2.9998526971273409        5.1939315419955285        12.829295797825214     
   3.0342749994270588        5.2571948358104699        12.800605037149987     
   3.0691499688633401        5.3213137194838902        12.772617220060980     
   3.1044839077302613        5.3862973313895193        12.745344220963124     
   3.1402831623470351        5.4521548300971459        12.718798240948701     
   3.1765541226487373        5.5188953890710319        12.692991815220415     
   3.2133032216991735        5.5865281910845441        12.667937820632842     
   3.2505369351226334        5.6550624223394639        12.643649483350321     
   3.2882617804511161        5.7245072662779668        12.620140386619136     
   3.3264843163834925        5.7948718970749269        12.597424478651316     
   3.3652111419529014        5.8661654727977846        12.575516080617195     
   3.4044488955985877        5.9383971282208732        12.554429894743262     
   3.4442042541381959        6.0115759672806899        12.534181012511656     
   3.4844839316364036        6.0857110551581544        12.514784922956906     
   3.5252946781655985        6.1608114099735314        12.496257521055286     
   3.5666432784541957        6.2368859940793095        12.478615116201464     
   3.6085365504179792        6.3139437049358929        12.461874440766680     
   3.6509813435697174        6.3919933655545425        12.446052658732034     
   3.6939845373020899        6.4710437144916186        12.431167374389874     
   3.7375530390388567        6.5511033953777700        12.417236641105584     
   3.7816937822489698        6.6321809459653362        12.404278970131491     
   3.8264137243181482        6.7142847866767337        12.392313339463652     
   3.8717198442723042        6.7974232086363582        12.381359202731748     
   3.9176191403469360        6.8816043611679696        12.371436498111317     
   3.9641186273965068        6.9668362387393152        12.362565657246748     
   4.0112253341375697        7.0531266673352819        12.354767614172584     
   4.0589463002192305        7.1404832902405317        12.348063814219620     
   4.1072885731143209        7.2289135532122319        12.342476222891358     
   4.1562592048244920        7.3184246890232094        12.338027334695232     
   4.2058652483922030        7.4090237013555322        12.334740181912005     
   4.2561137542124019        7.5007173480242137        12.332638343285414     
   4.3070117661364389        7.5935121235105232        12.331745952612993     
   4.3585663173606370        7.6874142407841752        12.332087707217692     
   4.4107844260916620        7.7824296123934458        12.333688876278554     
   4.4636730909806701        7.8785638308021566        12.336575308997235     
   4.5172392863179738        7.9758221479522575        12.340773442575717     
   4.5714899569798213        8.0742094540308411        12.346310309978975     
   4.6264320131186372        8.1737302554202742        12.353213547454764     
   4.6820723245878977        8.2743886518102077        12.361511401780952     
   4.7384177150926039        8.3761883124503260        12.371232737209068     
   4.7954749560561671        8.4791324515229114        12.382407042070918     
   4.8532507601943093        8.5832238026144800        12.395064435013214     
   4.9117517747864099        8.6884645922660404        12.409235670823074     
   4.9709845746345955        8.7948565125820881        12.424952145805371     
   5.0309556547006533        8.9024006928786577        12.442245902670560     
   5.0916714224107791        9.0110976703516723        12.461149634889553     
   5.1531381896179926        9.1209473597473032        12.481696690469896     
   5.2153621642119425        9.2319490220169502        12.503921075105076     
   5.2783494413657008        9.3441012319403711        12.527857454646394     
   5.3421059944091196        9.4574018447016091        12.553541156844362     
   5.4066376653181925        9.5718479614035274        12.581008172303978     
   5.4719501548098677        9.6874358935081730        12.610295154595578     
   5.5380490120316592        9.8041611261916390        12.641439419460276     
   5.6049396238355298        9.9220182806039183        12.674478943046232     
   5.6726272036254235        10.041001075026063        12.709452359109212     
   5.7411167797679781        10.161102284919030        12.746398955107965     
   5.8104131835559629        10.282313701860884        12.785358667122026     
   5.8805210367141942        10.404626091371600        12.826372073516707     
   5.9514447384378020        10.528029149627409        12.869480387276941     
   6.0231884519529393        10.652511459069585        12.914725446928689     
   6.0957560905902568        10.778060442915834        12.962149705963620     
   6.1691513033618337        10.904662318586006        13.011796220679718     
   6.2433774600325460        11.032302050057595        13.063708636347576     
   6.3184376356772800        11.160963299170566        13.117931171608980     
   6.3943345947158967        11.290628375905552        13.174508601011704     
   6.4710707744183242        11.421278187664027        13.233486235581296     
   6.5486482678728279        11.552892187584304        13.294909901328062     
   6.6270688064111418        11.685448321932508        13.358825915584640     
   6.7063337414848911        11.818922976613495        13.425281061067038     
   6.7864440259885370        11.953290922852734        13.494322557549433     
   6.8674001950250663        12.088525262106900        13.565998031040980     
   6.9492023461116119        12.224597370267707        13.640355480350594     
   7.0318501188232334        12.361476841230846        13.717443240923961     
   7.1153426738743635        12.499131429909697        13.797309945835245     
   7.1996786716387113        12.637526994781640        13.880004483814888     
   7.2848562501098044        12.776627440063390        13.965575954193705     
   7.3708730023058893        12.916394657620799        14.054073618642937     
   7.4577259531245321        13.056788468727971        14.145546849589623     
   7.5454115356541003        13.197766565800560        14.240045075186993     
   7.6339255669511203        13.339284454238340        14.337617720720127     
   7.7232632232946221        13.481295394522927        14.438314146328484     
   7.8134190149306288        13.623750344727597        14.542183580928604     
   7.9043867603224296        13.766597903607892        14.649275052222853     
   7.9961595599246147        13.909784254453520        14.759637312683150     
   8.0887297695014482        14.053253109894342        14.873318761402485     
   8.1820889730130446        14.196945657866078        14.990367361711765     
   8.2762279550955498        14.340800508954079        15.110830554464968     
   8.3711366731647594        14.484753645347029        15.234755166902133     
   8.4668042291757803        14.628738371645730        15.362187317007066     
   8.5632188410747290        14.772685267785937        15.493172313285145     
   8.6603678139819529        14.916522144347875        15.627754549896007     
   8.7582375111501669        15.060174000539162        15.765977397086836     
   8.8568133247445466        15.203562985151640        15.907883086883718     
   8.9560796464960024        15.346608360806524        16.053512594011789     
   9.0560198382829160        15.489226471815890        16.202905512029275     
   9.1566162027010680        15.631330716002168        16.356099924676720     
   9.2578499536858665        15.772831520830337        16.513132272459679     
   9.3597011872555953        15.913636324220237        16.674037214502292     
   9.4621488524490864        16.053649560418524        16.838847485729101     
   9.5651707225361395        16.192772651321391        17.007593749454731     
   9.6687433665838274        16.330904003649795        17.180304445484342     
   9.7728421214669243        16.467939012388499        17.357005633852758     
   9.8774410644156063        16.603770070909064        17.537720834356900     
   9.9825129861989019        16.738286588204083        17.722470862064561     
   10.088029365047356        16.871375013666036        17.911273659012309     
   10.193960341423498        17.002918869848230        18.104144122336702     
   10.300274693753961        17.132798793648021        18.301093929116284     
   10.406939815241923        17.260892586352892        18.502131358235900     
   10.513921691883757        17.387075272988383        18.707261109621172     
   10.621184881818449        17.511219171402999        18.916484121227985     
   10.728692496143095        17.633193971518384        19.129797384210278     
   10.836406181332281        17.752866825163974        19.347193756728927     
   10.944286103403412        17.870102446902891        19.568661776905184     
   11.052290933974042        17.984763226240489        19.794185475463138     
   11.160377838360903        18.096709351588004        20.023744188647562     
   11.268502465873537        18.205798946331431        20.257312372045540     
   11.376618942458451        18.311888217329710        20.494859415982749     
   11.484679865851932        18.414831616136212        20.736349463207105     
   11.592636303401591        18.514482013203505        20.981741229614201     
   11.700437792717867        18.610690885293145        21.230987828809589     
   11.808032345317482        18.703308516269690        21.484036601342918     
   11.915366453420603        18.792184211411378        21.740828949486772     
   12.022385100062717        18.877166525318376        22.001300178469453     
   12.129031772680435        18.958103503443770        22.265379345104563     
   12.235248480328121        19.034842937212343        22.532989114791707     
   12.340975774678562        19.107232632627319        22.804045627890162     
   12.446152774956529        19.175120692196352        23.078458376491589     
   12.550717196948714        19.238355809934831        23.356130092637823     
   12.654605386226734        19.296787579127301        23.636956649044929     
   12.757752355712515        19.350266812447003        23.920826973404946     
   12.860091827706240        19.398645873948823        24.207622977340680     
   12.961556280487255        19.441779022363495        24.497219501087649     
   13.062076999586914        19.479522765030516        24.789484274968341     
   13.161584133819938        19.511736221714678        25.084277898708496     
   13.260006756147085        19.538281497456520        25.381453839622147     
   13.357272929426887        19.559024063511881        25.680858450660811     
   13.453309777098049        19.573833145339179        25.982331009282998     
   13.548043558816554        19.582582116497665        26.285703778052287     
   13.641399751052781        19.585148897224617        26.590802087814986     
   13.733303132634182        19.581416356366308        26.897444444242915     
   13.823677875198051        19.571272715247233        27.205442658451389     
   13.912447638496817        19.554611951974582        27.514602002318199     
   13.999535670475435        19.531334204592703        27.824721389035815     
   14.084864912016448        19.501346171424668        28.135593579326486     
   14.168358106223637        19.464561506867348        28.447005413638117     
   14.249937912089999        19.420901210842715        28.758738070519417     
   14.329527022369733        19.370294010052980        29.070567351243941     
   14.407048285447850        19.312676729140843        29.382263990617769     
   14.482424830974477        19.247994649820910        29.693593993762811     
   14.555580199004448        19.176201856023287        30.004318998519075     
   14.626438472356362        19.097261563077911        30.314196662955702     
   14.694924411879185        19.011146428968239        30.622981077322436     
   14.760963594288942        18.917838845696515        30.930423199612076     
   14.824482552213107        18.817331208830410        31.236271313741344     
   14.885408916056491        18.709626163342922        31.540271509194113     
   14.943671557279449        18.594736823914882        31.842168180807334     
   14.999200732657895        18.472686967940977        32.141704547219639     
   15.051928229074754        18.343511199568521        32.438623186344799     
   15.101787508374262        18.207255083200398        32.732666586080249     
   15.148713851794527        18.063975245011584        33.023577708314932     
   15.192644503479768        17.913739441161006        33.311100564163681     
   15.233518812562069        17.756626591526917        33.594980798227226     
   15.271278373293562        17.592726777953686        33.874966279560859     
   15.305867162703594        17.422141206170586        34.150807696930457     
   15.337231675251910        17.244982130726004        34.422259155845019     
   15.365321053948580        17.061372742475317        34.689078774780448     
   15.390087217413850        16.871447018362566        34.951029277950788     
   15.411484982356887        16.675349533446429        35.207878581943071     
   15.429472180961406        16.473235235336414        35.459400373509119     
   15.444009772678243        16.265269181424696        35.705374675804862     
   15.455061949940431        16.051626239520555        35.945588400383805     
   15.462596237334918        15.832490752715948        36.179835882287684     
   15.466583583786770        15.608056169530824        36.407919395633577     
   15.466998447336460        15.378524640602128        36.629649647172720     
   15.463818872118566        15.144106583391164        36.844846245392475     
   15.457026557180601        14.905020216585907        37.053338142847366     
   15.446606916813739        14.661491066067361        37.254964049538543     
   15.432549132102608        14.413751444490053        37.449572815311598     
   15.414846193438821        14.162039906694236        37.637023779409468     
   15.393494933782465        13.906600683319750        37.817187085499093     
   15.368496052496774        13.647683095128096        37.989943960685245     
   15.339854129623534        13.385540950656567        38.155186957232303     
   15.307577630510407        13.120431929928653        38.312820155931043     
   15.271678900745293        12.852616957023699        38.462759330272547     
   15.232174151397510        12.582359564367984        38.604932070821839     
   15.189083434610106        12.309925251647119        38.739277869418515     
   15.142430609631928        12.035580842256090        38.865748163067870     
   15.092243299421828        11.759593840198267        38.984306337622172     
   15.038552838000243        11.482231790318956        39.094927691585163     
   14.981394208764733        11.203761644711307        39.197599360601522     
   14.920805974026429        10.924449138066246        39.292320203416082     
   14.856830196062356        10.644558174651090        39.379100650300948     
   14.789512350014856        10.364350229497083        39.457962515152794     
   14.718901229003162        10.084083766254334        39.528938772654179     
   14.645048841843556        9.8040136740353638        39.592073302071505     
   14.568010303803081        9.5243907254167741        39.647420599425629     
   14.487843720837558        9.2454610576046274        39.695045459919363     
   14.404610067787411        8.9674656785945270        39.735022632637111     
   14.318373061024149        8.6906399999729285        39.767436449645167     
   14.229199026057072        8.4152133978160339        39.792380431717170     
   14.137156760622629        8.1414088029459020        39.809956872985943     
   14.042317393788787        7.8694423216039375        39.820276406881540     
   13.944754241613447        7.5995228874006706        39.823457555755425     
   13.844542659899194        7.3318519451998396        39.819626266612303     
   13.741759894587018        7.0666231673955444        39.808915435375503     
   13.636484930328900        6.8040222028462303        39.791464422098542     
   13.528798337773043        6.5442264585382199        39.767418559505366     
   13.418782120087492        6.2874049138684809        39.736928657197709     
   13.306519559236214        6.0337179672598342        39.700150503807322     
   13.192095062508296        5.7833173146551129        39.657244369298539     
   13.075594009784794        5.5363458592797095        39.608374509540880     
   12.957102602009750        5.2929376519158993        39.553708675175642     
   12.836707711311885        5.0532178607978082        39.493417626694196     
   12.714496733201788        4.8173027701133817        39.427674657532108     
   12.590557441246530        4.5852998059902150        39.356655126861881     
   12.464977844598822        4.3573075887444066        39.280536003640442     
   12.337846048732960        4.1334160100881130        39.199495423337090     
   12.209250119713277        3.9137063339198219        39.113712258633413     
   12.079277952294166        3.6982513192630306        39.023365705251521     
   11.948017142123543        3.4871153638730363        38.928634883930670     
   11.815554862294187        3.2803546669977326        38.829698459437104     
   11.681977744460063        3.0780174097561170        38.726734277358162     
   11.547371764707639        2.8801439515875868        38.619919019300703     
   11.411822134344959        2.6867670412241829        38.509427876985733     
   11.275413195745269        2.4979120406480289        38.395434245608335     
   11.138228323355994        2.3135971605146053        38.278109436713315     
   11.000349829958875        2.1338337055497614        38.157622410723761     
   10.861858878242955        1.9586263284632159        38.034139529153478     
   10.722835397728973        1.7879732909630253        37.907824326433278     
   10.583358007061458        1.6218667305032572        37.778837301187828     
   10.443503941664106        1.4602929314505098        37.647335726713344     
   10.303348986733763        1.3032325994121465        37.513473480326169     
   10.162967415530149        1.1506611375310498        37.377400891181267     
   10.022431932900998        1.0025489236159297        37.239264606093826     
   9.8818136239661456       0.85886158704318460        37.099207472839836     
   9.7411819078694784       0.71956028443486564        36.957368440360987     
   9.6006044964941939       0.58460197318692175        36.813882475255255     
   9.4601473580245976       0.45393968199201040        36.668880493897724     
   9.3198746852267913       0.32752277757116588        36.522489309505687     
   9.1798488683111774       0.20529722689830709        36.374831593437797     
   9.0401304722308158        8.7205854269758853E-002   36.226025849998138     
   8.9007782182629498       -2.6811407361580952E-002   36.076186404003593     
   8.7618489697146096      -0.13681727130261440        35.925423400364984     
   8.6233977215882103      -0.24287685873874656        35.773842814929012     
   8.4854775940392209      -0.34505746744569682        35.621546475830264     
   8.3481398294548566      -0.44342834792670771        35.468632094607209     
   8.2114337929806904      -0.53806048725171784        35.315193306345719     
   8.0754069763211493      -0.62902640082200900        35.161319718126407     
   7.9401050046389789      -0.71639993223412912        35.007096965066673     
   7.8055716463796809      -0.80025606136973926        34.852606773267169     
   7.6718488258476887      -0.88067072079433895        34.697927028992481     
   7.5389766383628301      -0.95772062050704032        34.543131853437750     
   7.4069933678279600       -1.0314830810459081        34.388291682457272     
   7.2759355065414324       -1.1020358749187702        34.233473350655963     
   7.1458377770913746       -1.1694570762977943        34.078740179270923     
   7.0167331561723794       -1.2338249188874650        33.924152067297435     
   6.8886529001695083       -1.2952176618496596        33.769765585341439     
   6.7616265723584670       -1.3537134636465722        33.615634071707937     
   6.6356820715759337       -1.4093902636416098        33.461807730263651     
   6.5108456622185695       -1.4623256712805233        33.308333729639678     
   6.3871420054344377       -1.5125968626594468        33.155256303368056     
   6.2645941913757346       -1.5602804842732152        33.002616850573489     
   6.1432237723870342       -1.6054525637261752        32.850454036868562     
   6.0230507970086284       -1.6481884271785439        32.698803895127114     
   5.9040938446801121       -1.6885626232940139        32.547699925836461     
   5.7863700610344830       -1.7266488534488267        32.397173196753485     
   5.6698951936788609       -1.7625199079584559        32.247252441614350     
   5.5546836283630476       -1.7962476080756160        32.097964157670596     
   5.4407484254426119       -1.8279027535121040        31.949332701846373     
   5.3281013565484292       -1.8575550752370678        31.801380385333278     
   5.2167529413798102       -1.8852731933054463        31.654127566459145     
   5.1067124845433387       -1.9111245794724949        31.507592741686587     
   4.9979881123647196       -1.9351755243533217        31.361792634615547     
   4.8905868096053977       -1.9574911088902285        31.216742282880574     
   4.7845144560207782       -1.9781351798951141        31.072455122850570     
   4.6797758627011641       -1.9971703294393246        30.928943072053414     
   4.5763748081410238       -2.0146578778689443        30.786216609262180     
   4.4743140739863847       -2.0306578602295624        30.644284852192815     
   4.3735954804142585       -2.0452290158909547        30.503155632775567     
   4.2742199211018628       -2.0584287811688049        30.362835569973484     
   4.1761873977471318       -2.0703132847475314        30.223330140132123     
   4.0794970541057278       -2.0809373457153333        30.084643744854059     
   3.9841472095128672       -2.0903544740298154        29.946779776400330     
   3.8901353918618509       -2.0986168732398105        29.809740680629393     
   3.7974583700140392       -2.1057754452963149        29.673528017491133     
   3.7061121856180246       -2.1118797972927652        29.538142519100081     
   3.6160921843184899       -2.1169782499821146        29.403584145417863     
   3.5273930463378509       -2.1211178479253503        29.269852137580195     
   3.4400088164161939       -2.1243443711331662        29.136945068908222     
   3.3539329330974792       -2.1267023480694540        29.004860893648534     
   3.2691582573518776       -2.1282350698920585        28.873596993488814     
   3.1856771005264135       -2.1289846058129189        28.743150221900294     
   3.1034812516178167       -2.1289918194661546        28.613516946359876     
   3.0225620038633059       -2.1282963861789463        28.484693088507424     
   2.9429101806466655       -2.1269368110461300        28.356674162295327     
   2.8645161607185083       -2.1249504477153223        28.229455310188929     
   2.7873699027310290       -2.1223735177950300        28.103031337477368     
   2.7114609690888267       -2.1192411308036800        27.977396744755342     
   2.6367785491187035       -2.1155873045827254        27.852545758636751     
   2.5633114815622244       -2.1114449861019970        27.728472360761014     
   2.4910482763960768       -2.1068460725903031        27.605170315153533     
   2.4199771359860436       -2.1018214329288307        27.482633194000996     
   2.3500859755812868       -2.0964009292493135        27.360854401902081     
   2.2813624431564152       -2.0906134386830737        27.239827198653426     
   2.2137939386094674       -2.0844868752110175        27.119544720630056     
   2.1473676323245581       -2.0780482115684236        27.000000000818549     
   2.0820704831085775       -2.0713235011619409        26.881185987560492     
   2.0178892555116215       -2.0643378999595456        26.763095562062031     
   1.9548105365414892       -2.0571156883174617        26.645721554725021     
   1.8928207517828057       -2.0496802927109963        26.529056760353374     
   1.8319061809317099       -2.0420543073391269        26.413093952287106     
   1.7720529727573195       -2.0342595155753256        26.297825895515377     
   1.7132471595014118       -2.0263169112396229        26.183245358817981     
   1.6554746707279291       -2.0182467196692788        26.069345125983801     
   1.5987213466341623       -2.0100684185676498        25.956118006152984     
   1.5429729508354153       -2.0018007586128812        25.843556843327971     
   1.4882151826352150       -1.9934617838100404        25.731654525097451     
   1.4344336887930702       -1.9850688515720831        25.620403990615358     
   1.3816140748018595       -1.9766386525167534        25.509798237875827     
   1.3297419156869079       -1.9681872299680876        25.399830330323379     
   1.2788027663388004       -1.9597299991526627        25.290493402836159     
   1.2287821713919325       -1.9512817660820954        25.181780667118613     
   1.1796656746607159       -1.9428567461145543        25.073685416538435     
   1.1314388281453456       -1.9344685821892456        24.966201030441514     
   1.0840872006188054       -1.9261303627288748        24.859320977976534     
   1.0375963858068196       -1.9178546392061431        24.753038821460386     
  0.99195201017223622       -1.9096534433712280        24.647348219313436     
  0.94713974031522941       -1.9015383041380638        24.542242928592891     
  0.90314529000054911       -1.8935202641280255        24.437716807150924     
  0.85995442682289369       -1.8856098958703347        24.333763815443117     
  0.81755297852129449       -1.8778173176591719        24.230378018011521     
  0.77592683895329451       -1.8701522090680951        24.127553584665606     
  0.73506197373940574       -1.8626238261228836        24.025284791382816     
  0.69494442558826919       -1.8552410161344739        23.923566020949895     
  0.65556031931267433       -1.8480122321940795        23.822391763364685     
  0.61689586654642870       -1.8409455473330136        23.721756616017231     
  0.57893737017186775       -1.8340486683501094        23.621655283668041     
  0.54167122846759785       -1.8273289493099603        23.522082578240202     
  0.50508393898584902       -1.8207934047155199        23.423033418441484     
  0.46916210216866661       -1.8144487223588694        23.324502829231481     
  0.43389242471187062       -1.8083012758541812        23.226485941147693     
  0.39926172268560917       -1.8023571368571525        23.128977989504367     
  0.36525692442006807       -1.7966220869753504        23.031974313476354     
  0.33186507316471603       -1.7911016293740818        22.935470355080081     
  0.29907332952925963       -1.7858010000825379        22.839461658062646     
  0.26686897371428314       -1.7807251790050962        22.743943866709575     
  0.23523940753934747       -1.7758789006427547        22.648912724581013     
  0.20417215627611349       -1.7712666645297672        22.554364073185535     
  0.17365487029390220       -1.7668927453906289        22.460293850600362     
  0.14367532652483198       -1.7627612030225848        22.366698090045670     
  0.11422142975556275       -1.7588758919089214        22.273572918420825     
   8.5281213752437107E-002  -1.7552404705682987        22.180914554809384     
   5.6842842226638768E-002  -1.7518584106454178        22.088719308959391     
   2.8894609645802236E-002  -1.7487330057483181        21.996983579745073     
   1.4249418983272705E-003  -1.7458673800376063        21.905703853615471     
  -2.5577603183539410E-002  -1.7432644965729081        21.814876703035253     
  -5.2124335435928433E-002  -1.7409271654218235        21.724498784922670     
  -7.8226432105191743E-002  -1.7388580515366234        21.634566839088780     
 -0.10389493771378114       -1.7370596824039268        21.545077686682383     
 -0.12914076404478389       -1.7355344554725380        21.456028228644247     
 -0.15397469023988755       -1.7342846453645935        21.367415444174153     
 -0.17840736300570800       -1.7333124108751228        21.279236389213956     
 -0.20244929692357175       -1.7326198017650780        21.191488194949549     
 -0.22611087485799541       -1.7322087653528249        21.104168066334339     
 -0.24940234845926751       -1.7320811529090536        21.017273280636715     
 -0.27233383875565065       -1.7322387258599856        20.930801186013742     
 -0.29491533683092219       -1.7326831618036991        20.844749200112847     
 -0.31715670458305739       -1.7334160603443367        20.759114808703487     
 -0.33906767556002865       -1.7344389487488858        20.673895564340313     
 -0.36065785586881915       -1.7357532874311581        20.589089085059246     
 -0.38193672515388088       -1.7373604752675189        20.504693053107751     
 -0.40291363764139487       -1.7392618547488559        20.420705213710395     
 -0.42359782324582590       -1.7414587169731921        20.337123373870678     
 -0.44399838873535685       -1.7439523064832956        20.253945401210114     
 -0.46412431895295464       -1.7467438259535257        20.171169222845023     
 -0.48398447808988843       -1.7498344407301365        20.088792824301933     
 -0.50358761100866367       -1.7532252832291300        20.006814248471972     
 -0.52294234461243227       -1.7569174571957116        19.925231594604757     
 -0.54205718925805346       -1.7609120418293074        19.844043017342084     
 -0.56094054021007644       -1.7652100957780359        19.763246725791721     
 -0.57960067913303470       -1.7698126610064451        19.682840982641512     
 -0.59804577561950589       -1.7747207665402591        19.602824103314003     
 -0.61628388875153728       -1.7799354320917871        19.523194455161526     
 -0.63432296869308369       -1.7854576715695938        19.443950456701941     
 -0.65217085831122357       -1.7912884964759359        19.365090576894950     
 -0.66983529482399817       -1.7974289191954105        19.286613334458966     
 -0.68732391147280425       -1.8038799561781704        19.208517297228461     
 -0.70464423921735786       -1.8106426310210104        19.130801081551667     
 -0.72180370845132169       -1.8177179774495229        19.053463351728517     
 -0.73880965073678107       -1.8251070422044906        18.976502819488644     
 -0.75566930055580062       -1.8328108878355707        18.899918243509354     
 -0.77238979707740885       -1.8408305954052779        18.823708428973219     
 -0.78897818593839408       -1.8491672671061976        18.747872227165267     
 -0.80544142103638106       -1.8578220287942862        18.672408535109451     
 -0.82178636633372459       -1.8667960324410484        18.597316295244212     
 -0.83801979767081813       -1.8760904585073139        18.522594495136982     
 -0.85414840458747610       -1.8857065182412589        18.448242167237296     
 -0.87017879215112581       -1.8956454559032645        18.374258388668387     
 -0.88611748279057223       -1.9059085509201248        18.300642281057122     
 -0.90197091813419417       -1.9164971199710470        18.227393010401851     
 -0.91774546085145714       -1.9274125190078397        18.154509786978245     
 -0.93344739649669561       -1.9386561452115971        18.081991865282749     
 -0.94908293535416144       -1.9502294388881389        18.009838544013604     
 -0.96465821428339260       -1.9621338853043901        17.938049166089193     
 -0.98017929856399955       -1.9743710164678290        17.866623118703657     
 -0.99565218373900888       -1.9869424128510600        17.795559833419553     
  -1.0110827974559660       -1.9998497050635251        17.724858786297531     
  -1.0264770013050106       -2.0130945754722713        17.654519498063006     
  -1.0418405926532148       -2.0266787597736697        17.584541534309505     
  -1.0571793064744912       -2.0406040485178876        17.514924505738957     
  -1.0724988171744192       -2.0548722885878812        17.445668068438678     
  -1.0878047404093838       -2.0694853846345929        17.376771924195133     
  -1.1031026348994468       -2.0844453004699997        17.308235820844537     
  -1.1183980042344062       -2.0997540604195795        17.240059552660220     
  -1.1336962986725425       -2.1154137506357289        17.172242960776906     
  -1.1490029169315572       -2.1314265203735734        17.104785933652106     
  -1.1643232079712660       -2.1477945832305911        17.037688407564463     
  -1.1796624727676237       -2.1645202183513850        16.970950367149456     
  -1.1950259660776799       -2.1816057715988917        16.904571845972548     
  -1.2104188981950998       -2.1990536566932675        16.838552927139961     
  -1.2258464366959088       -2.2168663563196147        16.772893743947314     
  -1.2413137081741292       -2.2350464232056688        16.707594480566407     
  -1.2568257999670240       -2.2535964811705189        16.642655372770378     
  -1.2723877618696511       -2.2725192261453500        16.578076708697676     
  -1.2880046078384810       -2.2918174271671687        16.513858829655021     
  -1.3036813176838320       -2.3114939273464019        16.450002130959824     
  -1.3194228387508964       -2.3315516448092022        16.386507062822474     
  -1.3352340875891522       -2.3519935736152453        16.323374131268913     
  -1.3511199516099646       -2.3728227846517433        16.260603899103891     
  -1.3670852907321998       -2.3940424265043352        16.198196986915534     
  -1.3831349390156757       -2.4156557263054754        16.136154074121592     
  -1.3992737062823128       -2.4376659905608666        16.074475900058022     
  -1.4155063797248117       -2.4600766059544386        16.013163265110524     
  -1.4318377255027495       -2.4828910401323054        15.952217031889463     
  -1.4482724903259496       -2.5061128424660937        15.891638126449037     
  -1.4648154030250122       -2.5297456447959505        15.831427539551241     
  -1.4814711761088932       -2.5537931621535046        15.771586327975383     
  -1.4982445073094175       -2.5782591934649792        15.712115615873861     
  -1.5151400811126261       -2.6031476222345997        15.653016596175002     
  -1.5321625702768640       -2.6284624172083824        15.594290532033721     
  -1.5493166373374980       -2.6542076330183235        15.535938758330991     
  -1.5666069360981694       -2.6803874108069277        15.477962683222652     
  -1.5840381131084968       -2.7070059788320018        15.420363789738900     
  -1.6016148091281286       -2.7340676530515275        15.363143637434975     
  -1.6193416605770283       -2.7615768376883540        15.306303864094271     
  -1.6372233009719137       -2.7895380257744344        15.249846187484879     
  -1.6552643623487417       -2.8179557996742375        15.193772407170215     
  -1.6734694766711085       -2.8468348315868477        15.138084406375397     
  -1.6918432772244862       -2.8761798840263038        15.082784153909818     
  -1.7103903999961283       -2.9059958102795207        15.027873706147616     
  -1.7291154850405650       -2.9362875548412064        14.973355209066620     
  -1.7480231778304929       -2.9670601538249444        14.919230900347515     
  -1.7671181305929737       -2.9983187353497489        14.865503111533982     
  -1.7864050036307213       -3.0300685199010648        14.812174270255259     
  -1.8058884666283439       -3.0623148206653306        14.759246902512499     
  -1.8255731999433567       -3.0950630438370217        14.706723635029837     
  -1.8454638958817344       -3.1283186888969872        14.654607197672036     
  -1.8655652599578365       -3.1620873488609136        14.602900425929505     
  -1.8858820121384183       -3.1963747104965070        14.551606263472573     
  -1.9064188880705479       -3.2311865545080729        14.500727764776055     
  -1.9271806402930896       -3.2665287556868718        14.450268097815695     
  -1.9481720394315158       -3.3024072830257087        14.400230546838101     
  -1.9693978753757333       -3.3388281997960307        14.350618515205221     
  -1.9908629584405586       -3.3757976635856628        14.301435528315466     
  -2.0125721205085454       -3.4133219262953300        14.252685236602408     
  -2.0345302161547134       -3.4514073340918325        14.204371418613157     
  -2.0567421237528465       -3.4900603273158159        14.156497984167464     
  -2.0792127465628467       -3.5292874403417498        14.109068977599652     
  -2.1019470137987684       -3.5690953013878497        14.062088581084582     
  -2.1249498816769470       -3.6094906322732800        14.015561118049435     
  -2.1482263344437560       -3.6504802481200822        13.969491056673101     
  -2.1717813853824208       -3.6920710569970145        13.923883013474413     
  -2.1956200777982602       -3.7342700595023404        13.878741756991426     
  -2.2197474859817761       -3.7770843482825667        13.834072211552854     
  -2.2441687161488546       -3.8205211074838163        13.789879461143840     
  -2.2688889073574297       -3.8645876121325871        13.746168753367273     
  -2.2939132323997873       -3.9092912274422185        13.702945503502709     
  -2.3192468986697885       -3.9546394080415546        13.660215298664308     
  -2.3448951490040804       -4.0006396971217653        13.617983902059494     
  -2.3708632624964592       -4.0472997254974077        13.576257257350157     
  -2.3971565552844387       -4.0946272105775128        13.535041493117651     
  -2.4237803813069845       -4.1426299552422208        13.494342927433696     
  -2.4507401330324314       -4.1913158466204958        13.454168072538256     
  -2.4780412421553990       -4.2406928547640055        13.414523639626378     
  -2.5056891802616299       -4.2907690312123385        13.375416543745219     
  -2.5336894594594406       -4.3415525074441970        13.336853908802846     
  -2.5620476329765469       -4.3930514932092741        13.298843072690369     
  -2.5907692957209174       -4.4452742747351675        13.261391592518439     
  -2.6198600848041766       -4.4982292128033965        13.224507249969889     
  -2.6493256800261520       -4.5519247406885448        13.188198056769327     
  -2.6791718043189019       -4.6063693619540560        13.152472260271258     
  -2.7094042241486802       -4.6615716480982359        13.117338349167438     
  -2.7400287498740257       -4.7175402360434520        13.082805059314857     
  -2.7710512360582746       -4.7742838254616249        13.048881379684916     
  -2.8024775817345096       -4.8318111759284061        13.015576558434773     
  -2.8343137306210435       -4.8901311038985398        12.982900109101564     
  -2.8665656712853669       -4.9492524794944295        12.950861816919776     
  -2.8992394372543582       -5.0091842230995818        12.919471745262550     
  -2.9323411070685821       -5.0699353017485302        12.888740242206762     
  -2.9658768042782295       -5.1315147253042115        12.858677947222253     
  -2.9998526973783464       -5.1939315424137948        12.829295797984837     
  -3.0342749996806839       -5.2571948362332899        12.800605037312975     
  -3.0691499691196156       -5.3213137199113056        12.772617220227417     
  -3.1044839079892212       -5.3862973318215790        12.745344221133072     
  -3.1402831626087089       -5.4521548305338898        12.718798241122260     
  -3.1765541229131578       -5.5188953895125037        12.692991815397656     
  -3.2133032219663673       -5.5865281915307756        12.667937820813851     
  -3.2505369353926361       -5.6550624227905022        12.643649483535180     
  -3.2882617807239578       -5.7245072667338492        12.620140386807943     
  -3.3264843166592066       -5.7948718975356996        12.597424478844161     
  -3.3652111422315119       -5.8661654732634698        12.575516080814159     
  -3.4044488958801287       -5.9383971286915145        12.554429894944450     
  -3.4442042544227043       -6.0115759677563334        12.534181012717154     
  -3.4844839319239060       -6.0857110556388285        12.514784923166829     
  -3.5252946784561296       -6.1608114104592762        12.496257521269721     
  -3.5666432787477835       -6.2368859945701551        12.478615116420524     
  -3.6085365507146636       -6.3139437054318854        12.461874440990471     
  -3.6509813438695211       -6.3919933660557016        12.446052658960662     
  -3.6939845376050453       -6.4710437149979736        12.431167374623449     
  -3.7375530393450012       -6.5511033958893616        12.417236641344212     
  -3.7816937825583317       -6.6321809464821877        12.404278970375300     
  -3.8264137246307657       -6.7142847871988875        12.392313339712748     
  -3.8717198445882022       -6.7974232091638314        12.381359202986264     
  -3.9176191406661496       -6.8816043617007931        12.371436498371366     
  -3.9641186277190643       -6.9668362392775069        12.362565657512466     
  -4.0112253344635107       -7.0531266678788773        12.354767614444095     
  -4.0589463005485769       -7.1404832907895353        12.348063814497053     
  -4.1072885734471045       -7.2289135537666640        12.342476223174845     
  -4.1562592051607465       -7.3184246895830967        12.338027334984904     
  -4.2058652487319605       -7.4090237019208880        12.334740182208016     
  -4.2561137545556944       -7.5007173485950576        12.332638343587897     
  -4.3070117664832912       -7.5935121240868551        12.331745952922098     
  -4.3585663177110838       -7.6874142413660147        12.332087707533560     
  -4.4107844264457317       -7.7824296129807973        12.333688876601347     
  -4.4636730913383955       -7.8785638313950317        12.336575309327102     
  -4.5172392866793745       -7.9758221485506384        12.340773442912806     
  -4.5714899573449275       -8.0742094546347332        12.346310310323451     
  -4.6264320134874843       -8.1737302560296854        12.353213547806787     
  -4.6820723249605081       -8.2743886524251202        12.361511402140696     
  -4.7384177154690077       -8.3761883130707382        12.371232737576692     
  -4.7954749564363857       -8.4791324521488018        12.382407042446603     
  -4.8532507605783755       -8.5832238032458417        12.395064435397133     
  -4.9117517751743405       -8.6884645929028430        12.409235671215400     
  -4.9709845750264154       -8.7948565132243051        12.424952146206294     
  -5.0309556550963892       -8.9024006935262676        12.442245903080252     
  -5.0916714228104505       -9.0110976710046362        12.461149635308209     
  -5.1531381900216298       -9.1209473604055997        12.481696690897707     
  -5.2153621646195587       -9.2319490226805243        12.503921075542237     
  -5.2783494417773191       -9.3441012326091855        12.527857455093093     
  -5.3421059948247533       -9.4574018453755997        12.553541157300806     
  -5.4066376657378719       -9.5718479620826624        12.581008172770373     
  -5.4719501552335936       -9.6874358941923671        12.610295155072121     
  -5.5380490124594495       -9.8041611268808246        12.641439419947178     
  -5.6049396242674030       -9.9220182812980333        12.674478943543699     
  -5.6726272040613921       -10.041001075725028        12.709452359617467     
  -5.7411167802080563       -10.161102285622770        12.746398955627223     
  -5.8104131840001525       -10.282313702569292        12.785358667652506     
  -5.8805210371625094       -10.404626092084591        12.826372074058629     
  -5.9514447388902472       -10.528029150344871        12.869480387830533     
  -6.0231884524095252       -10.652511459791420        12.914725447494185     
  -6.0957560910509718       -10.778060443641898        12.962149706541231     
  -6.1691513038266823       -10.904662319316181        13.011796221269684     
  -6.2433774605015318       -11.032302050791754        13.063708636950127     
  -6.3184376361503976       -11.160963299908566        13.117931172224360     
  -6.3943345951931461       -11.290628376647248        13.174508601640147     
  -6.4710707748996859       -11.421278188409245        13.233486236223040     
  -6.5486482683583045       -11.552892188332894        13.294909901983351     
  -6.6270688069007093       -11.685448322684277        13.358825916253709     
  -6.7063337419785363       -11.818922977368256        13.425281061750132     
  -6.7864440264862429       -11.953290923610293        13.494322558246791     
  -6.8674001955268098       -12.088525262867048        13.565998031752846     
  -6.9492023466173807       -12.224597371030240        13.640355481077224     
  -7.0318501193329874       -12.361476841995525        13.717443241665590     
  -7.1153426743880788       -12.499131430676291        13.797309946592117     
  -7.1996786721563479       -12.637526995549885        13.880004484587246     
  -7.2848562506313392       -12.776627440833050        13.965575954981809     
  -7.3708730028312628       -12.916394658391571        14.054073619447005     
  -7.4577259536537044       -13.056788469499571        14.145546850409900     
  -7.5454115361870295       -13.197766566572703        14.240045076023716     
  -7.6339255674877533       -13.339284455010716        14.337617721573539     
  -7.7232632238349082       -13.481295395295222        14.438314147198822     
  -7.8134190154744960       -13.623750345499458        14.542183581816088     
  -7.9043867608698237       -13.766597904378981        14.649275053127718     
  -7.9961595604754550       -13.909784255223462        14.759637313605616     
  -8.0887297700556804       -14.053253110662785        14.873318762342780     
  -8.1820889735705684       -14.196945658632599        14.990367362670080     
  -8.2762279556562817       -14.340800509718278        15.110830555441508     
  -8.3711366737286195       -14.484753646108494        15.234755167897102     
  -8.4668042297426762       -14.628738372404030        15.362187318020666     
  -8.5632188416445629       -14.772685268540631        15.493172314317563     
  -8.6603678145546130       -14.916522145098483        15.627754550947410     
  -8.7582375117255538       -15.060174001285224        15.765977398157409     
  -8.8568133253225323       -15.203562985892644        15.907883087973607     
  -8.9560796470764661       -15.346608361541964        16.053512595121145     
  -9.0560198388657316       -15.489226472545246        16.202905513158242     
  -9.1566162032860969       -15.631330716724893        16.356099925825415     
  -9.2578499542729826       -15.772831521545896        16.513132273628241     
  -9.3597011878446370       -15.913636324928046        16.674037215690806     
  -9.4621488530399063       -16.053649561117997        16.838847486937659     
  -9.5651707231285670       -16.192772652011925        17.007593750683395     
  -9.6687433671777168       -16.330904004330794        17.180304446733199     
  -9.7728421220620767       -16.467939013059308        17.357005635121812     
  -9.8774410650118423       -16.603770071569041        17.537720835646173     
  -9.9825129867960403       -16.738286588852578        17.722470863374074     
  -10.088029365645189       -16.871375014302373        17.911273660342033     
  -10.193960342021843       -17.002918870471738        18.104144123686623     
  -10.300274694352588       -17.132798794257994        18.301093930486324     
  -10.406939815840623       -17.260892586948614        18.502131359625988     
  -10.513921692482295       -17.387075273569128        18.707261111031194     
  -10.621184882416607       -17.511219171968051        18.916484122657849     
  -10.728692496740607       -17.633193972066969        19.129797385659781     
  -10.836406181928901       -17.752866825695342        19.347193758197896     
  -10.944286103998886       -17.870102447416283        19.568661778393430     
  -11.052290934568106       -17.984763226735136        19.794185476970426     
  -11.160377838953286       -18.096709352063133        20.023744190173641     
  -11.268502466463946       -18.205798946786242        20.257312373590086     
  -11.376618943046607       -18.311888217763421        20.494859417545459     
  -11.484679866437533       -18.414831616548025        20.736349464787622     
  -11.592636303984342       -18.514482013592630        20.981741231212158     
  -11.700437793297430       -18.610690885658752        21.230987830424514     
  -11.808032345893546       -18.703308516610988        21.484036602974367     
  -11.915366453992851       -18.792184211727573        21.740828951134290     
  -12.022385100630803       -18.877166525608668        22.001300180132485     
  -12.129031773244025       -18.958103503707363        22.265379346782566     
  -12.235248480886858       -19.034842937448449        22.532989116484060     
  -12.340975775232101       -19.107232632835164        22.804045629596263     
  -12.446152775504492       -19.175120692375149        23.078458378210719     
  -12.550717197490732       -19.238355810083821        23.356130094369277     
  -12.654605386762443       -19.296787579245731        23.636956650787997     
  -12.757752356241530       -19.350266812534155        23.920826975158811     
  -12.860091828228182       -19.398645874003975        24.207622979104546     
  -12.961556281001723       -19.441779022385951        24.497219502860631     
  -13.062077000093522       -19.479522765019599        24.789484276749558     
  -13.161584134318282       -19.511736221669732        25.084277900496986     
  -13.260006756636772       -19.538281497376921        25.381453841416970     
  -13.357272929907486       -19.559024063397004        25.680858452460900     
  -13.453309777569164       -19.573833145188463        25.982331011087332     
  -13.548043559277774       -19.582582116310562        26.285703779859801     
  -13.641399751503689       -19.585148897000629        26.590802089624546     
  -13.733303133074370       -19.581416356104960        26.897444446053395     
  -13.823677875627098       -19.571272714948091        27.205442660261586     
  -13.912447638914310       -19.554611951637241        27.514602004126925     
  -13.999535670880960       -19.531334204216822        27.824721390841805     
  -14.084864912409593       -19.501346171009928        28.135593581128489     
  -14.168358106603975       -19.464561506413478        28.447005415434813     
  -14.249937912457135       -19.420901210349530        28.758738072309495     
  -14.329527022723260       -19.370294009520286        29.070567353026075     
  -14.407048285787367       -19.312676728568551        29.382263992390584     
  -14.482424831299589       -19.247994649208941        29.693593995524957     
  -14.555580199314763       -19.176201855371662        30.004319000269135     
  -14.626438472651502       -19.097261562386660        30.314196664692304     
  -14.694924412158757       -19.011146428237481        30.622981079044120     
  -14.760963594552580       -18.917838844926425        30.930423201317421     
  -14.824482552460452       -18.817331208021173        31.236271315428962     
  -14.885408916287201       -18.709626162494882        31.540271510862564     
  -14.943671557493182       -18.594736823028356        31.842168182455222     
  -14.999200732854320       -18.472686967016404        32.141704548845503     
  -15.051928229253551       -18.343511198606350        32.438623187947272     
  -15.101787508535132       -18.207255082201190        32.732666587657896     
  -15.148713851937183       -18.063975243975914        33.023577709866416     
  -15.192644503603917       -17.913739440089554        33.311100565687568     
  -15.233518812667452       -17.756626590420389        33.594980799722201     
  -15.271278373379934       -17.592726776812853        33.874966281025628     
  -15.305867162770729       -17.422141204996326        34.150807698363714     
  -15.337231675299595       -17.244982129519183        34.422259157245527     
  -15.365321053976627       -17.061372741236934        34.689078776146957     
  -15.390087217422073       -16.871447017093590        34.951029279282132     
  -15.411484982345135       -16.675349532147973        35.207878583238092     
  -15.429472180929539       -16.473235234009568        35.459400374766759     
  -15.444009772626131       -16.265269180070646        35.705374677023997     
  -15.455061949867984       -16.051626238140507        35.945588401563462     
  -15.462596237242051       -15.832490751311150        36.179835883426925     
  -15.466583583673442       -15.608056168102630        36.407919396731501     
  -15.466998447202624       -15.378524639151838        36.629649648228494     
  -15.463818871964214       -15.144106581920205        36.844846246405318     
  -15.457026557005737       -14.905020215095659        37.053338143816582     
  -15.446606916618391       -14.661491064559296        37.254964050463428     
  -15.432549131886830       -14.413751442965651        37.449572816191576     
  -15.414846193202674       -14.162039905154922        37.637023780244029     
  -15.393494933526071       -13.906600681767122        37.817187086287781     
  -15.368496052220234       -13.647683093563639        37.989943961427677     
  -15.339854129327003       -13.385540949081872        38.155186957928144     
  -15.307577630194038       -13.120431928345226        38.312820156580052     
  -15.271678900409281       -12.852616955433144        38.462759330874540     
  -15.232174151042052       -12.582359562771826        38.604932071376723     
  -15.189083434235426       -12.309925250046946        38.739277869926198     
  -15.142430609238275       -12.035580840653440        38.865748163528394     
  -15.092243299009461       -11.759593838594661        38.984306338035637     
  -15.038552837569469       -11.482231788715970        39.094927691951732     
  -14.981394208315841       -11.203761643110409        39.197599360921416     
  -14.920805973559759       -10.924449136468979        39.292320203689584     
  -14.856830195578233       -10.644558173058879        39.379100650528422     
  -14.789512349513657       -10.364350227911414        39.457962515334650     
  -14.718901228485251       -10.084083764676583        39.528938772790895     
  -14.645048841309322       -9.8040136724669438        39.592073302163577     
  -14.568010303252937       -9.5243907238590158        39.647420599473655     
  -14.487843720271913       -9.2454610560588222        39.695045459923975     
  -14.404610067206722       -8.9674656770619912        39.735022632599019     
  -14.318373060428844       -8.6906399984548433        39.767436449565075     
  -14.229199025447629       -8.4152133963136286        39.792380431595880     
  -14.137156759999495       -8.1414088014602743        39.809956872824259     
  -14.042317393152469       -7.8694423201362165        39.820276406680357     
  -13.944754240964411       -7.5995228859518580        39.823457555515603     
  -13.844542659237934       -7.3318519437709453        39.819626266334751     
  -13.741759893914065       -7.0666231659875320        39.808915435061230     
  -13.636484929644732       -6.8040222014599445        39.791464421748486     
  -13.528798337078207       -6.5442264571745401        39.767418559120586     
  -13.418782119382485       -6.2874049125281477        39.736928656779192     
  -13.306519558521583       -6.0337179659436169        39.700150503356156     
  -13.192095061784547       -5.7833173133636500        39.657244368815775     
  -13.075594009052471       -5.5363458580136546        39.608374509027591     
  -12.957102601269385       -5.2929376506758228        39.553708674632915     
  -12.836707710563969       -5.0532178595841701        39.493417626123083     
  -12.714496732446896       -4.8173027689267034        39.427674656933782     
  -12.590557440485165       -4.5852998048308695        39.356655126237406     
  -12.464977843831534       -4.3573075876127900        39.280536002990949     
  -12.337846047960243       -4.1334160089844998        39.199495422663638     
  -12.209250118935676       -3.9137063328445079        39.113712257937131     
  -12.079277951512177       -3.6982513182161973        39.023365704533475     
  -11.948017141337685       -3.4871153628548792        38.928634883191926     
  -11.815554861504960       -3.2803546660083600        38.829698458678727     
  -11.681977743667952       -3.0780174087955920        38.726734276581190     
  -11.547371763913166       -2.8801439506559765        38.619919018506209     
  -11.411822133548577       -2.6867670403214521        38.509427876174705     
  -11.275413194947483       -2.4979120397741621        38.395434244781818     
  -11.138228322557248       -2.3135971596694924        38.278109435872246     
  -11.000349829159649       -2.1338337047333122        38.157622409869148     
  -10.861858877443677       -1.9586263276752527        38.034139528286218     
  -10.722835396930085       -1.7879732902033747        37.907824325554280     
  -10.583358006263412       -1.6218667297717186        37.778837300298036     
  -10.443503940867293       -1.4602929307468151        37.647335725813569     
  -10.303348985938618       -1.3032325987360480        37.513473479417307     
  -10.162967414737047       -1.1506611368822284        37.377400890264113     
  -10.022431932110354       -1.0025489229940865        37.239264605169197     
  -9.8818136231783118      -0.85886158644795563        37.099207471908485     
  -9.7411819070848367      -0.71956028386590776        36.957368439423661     
  -9.6006044957131014      -0.58460197264385239        36.813882474312678     
  -9.4601473572473562      -0.45393968147440172        36.668880492950514     
  -9.3198746844537759      -0.32752277707863137        36.522489308554590     
  -9.1798488675426810      -0.20529722643039933        36.374831592483410     
  -9.0401304714671706       -8.7205853826052351E-002   36.226025849041108     
  -8.9007782175044294        2.6811407781556513E-002   36.076186403044474     
  -8.7618489689615213       0.13681727169930699        35.925423399404345     
  -8.6233977208408028       0.24287685911264381        35.773842813967377     
  -8.4854775932977731       0.34505746779726376        35.621546474868140     
  -8.3481398287196082       0.44342834825643790        35.468632093645070     
  -8.2114337922518690       0.53806048756010849        35.315193305383993     
  -8.0754069755990070       0.62902640110954244        35.161319717165590     
  -7.9401050039237058       0.71639993250131584        35.007096964107127     
  -7.8055716456715070       0.80025606161706730        34.852606772309322     
  -7.6718488251467827       0.88067072102232025        34.697927028036652     
  -7.5389766376693990       0.95772062071616526        34.543131852484329     
  -7.4069933671421548        1.0314830812366869        34.388291681506551     
  -7.2759355058634290        1.1020358750916905        34.233473349708241     
  -7.1458377764213177        1.1694570764533578        34.078740178326484     
  -7.0167331555104013        1.2338249190261683        33.924152066356513     
  -6.8886528995157619        1.2952176619719844        33.769765584404333     
  -6.7616265717130535        1.3537134637530113        33.615634070774831     
  -6.6356820709389881        1.4093902637326357        33.461807729334794     
  -6.5108456615901771        1.4623256713566188        33.308333728715233     
  -6.3871420048147094        1.5125968627210731        33.155256302448208     
  -6.2645941907647558        1.5602804843208358        33.002616849658409     
  -6.1432237717848519        1.6054525637602541        32.850454035958322     
  -6.0230507964153466        1.6481884271995231        32.698803894221939     
  -5.9040938440957706        1.6885626233023407        32.547699924936424     
  -5.7863700604591557        1.7266488534449305        32.397173195858727     
  -5.6698951931125761        1.7625199079427678        32.247252440724935     
  -5.5546836278058631        1.7962476080485497        32.097964156786631     
  -5.4407484248945428        1.8279027534740742        31.949332700967911     
  -5.3281013560095136        1.8575550751884711        31.801380384460380     
  -5.2167529408500606        1.8852731932466786        31.654127565591860     
  -5.1067124840227587        1.9111245794039418        31.507592740824943     
  -4.9979881118533340        1.9351755242753572        31.361792633759627     
  -4.8905868091031888        1.9574911088032216        31.216742282030360     
  -4.7845144555277601        1.9781351797994211        31.072455122006119     
  -4.6797758622173085        1.9971703293352965        30.928943071214700     
  -4.5763748076663324        2.0146578777569206        30.786216608429239     
  -4.4743140735208220        2.0306578601098768        30.644284851365629     
  -4.3735954799578103        2.0452290157639261        30.503155631954122     
  -4.2742199206544935        2.0584287810347495        30.362835569157770     
  -4.1761873973087988        2.0703132846067547        30.223330139322101     
  -4.0794970536764099        2.0809373455681315        30.084643744049750     
  -3.9841472090925070        2.0903544738764772        29.946779775601666     
  -3.8901353914504173        2.0986168730806147        29.809740679836381     
  -3.7974583696114674        2.1057754451315334        29.673528016703703     
  -3.7061121852242769        2.1118797971226604        29.538142518318224     
  -3.6160921839334970        2.1169782498069409        29.403584144641506     
  -3.5273930459615572        2.1211178477453521        29.269852136809288     
  -3.4400088160485480        2.1243443709485845        29.136945068142758     
  -3.3539329327384011        2.1267023478805180        29.004860892888413     
  -3.2691582570013153        2.1282350696989916        28.873596992734026     
  -3.1856771001842832        2.1289846056159356        28.743150221150753     
  -3.1034812512840610        2.1289918192654644        28.613516945615562     
  -3.0225620035378391        2.1282963859747488        28.484693087768257     
  -2.9429101803294211        2.1269368108386182        28.356674161561255     
  -2.8645161604094103        2.1249504475046828        28.229455309459890     
  -2.7873699024299787        2.1223735175814396        28.103031336753254     
  -2.7114609687957647        2.1192411305873153        27.977396744036163     
  -2.6367785488335351        2.1155873043637499        27.852545757922407     
  -2.5633114812848783        2.1114449858805733        27.728472360051470     
  -2.4910482761264574        2.1068460723665825        27.605170314448696     
  -2.4199771357240767        2.1018214327029621        27.482633193300835     
  -2.3500859753268766        2.0964009290214376        27.360854401206510     
  -2.2813624429094825        2.0906134384533246        27.239827197962377     
  -2.2137939383699208        2.0844868749795258        27.119544719943470     
  -2.1473676320923039        2.0780482113353136        27.000000000136346     
