   0.0000000000000000        0.0000000000000000        9.2335928551270567E-320
  -2.2212887544394988E-003  0.14566053624543418       0.11360379288670241     
  -9.5416170620089835E-004  0.11507616861518333       0.10876255292592862     
  -4.7527272521544206E-004   9.0876798133920467E-002  0.10445828557956016     
  -4.8706014582977630E-004   6.4903289725727120E-002   9.9523794999687887E-002
  -1.0174711777555245E-003   3.7277010307136038E-002   9.3676352072205482E-002
  -2.0903636522345836E-003   7.7794518613885089E-003   8.6447069609373983E-002
  -3.7321179667517690E-003  -2.3807962370366198E-002   7.7210170289269353E-002
  -5.9711240774801277E-003  -5.7706285036294602E-002   6.5162826063445145E-002
  -8.8378470691365951E-003  -9.4142207609380080E-002   4.9302961960346670E-002
  -1.2364901517813109E-002 -0.13335252299614808        2.8405675546876674E-002
  -1.6587176529499370E-002 -0.17559012867780766        9.9814564358036151E-004
  -2.1542027880227632E-002 -0.22113186984049449       -3.4667047924604288E-002
  -2.7269556756338353E-002 -0.27028856785228683       -8.0640263265095546E-002
  -3.3812998124857607E-002 -0.32341763086845177      -0.13930485061485598     
  -4.1219245807460059E-002 -0.38093870068013302      -0.21340895949124405     
  -4.9539545943302343E-002 -0.44335285351350251      -0.30609911059656580     
  -5.8830395764922994E-002 -0.51126594261495484      -0.42095550984667285     
  -6.9154690538151264E-002 -0.58541674730137316      -0.56202903713042529     
  -8.0583168192608579E-002 -0.66671067673834727      -0.73387978520559671     
  -9.3196208653714585E-002 -0.75625986685645330      -0.94161695204887774     
 -0.10708605323621345      -0.85543060506216761       -1.1909398001754803     
 -0.12235951872200435      -0.96589911891784652       -1.4881792856859888     
 -0.13914129095964789       -1.0897168704411939       -1.8403398244014149     
 -0.15757789401015820       -1.2293866051786324       -2.2551404982665062     
 -0.17784244302195340       -1.3879505120367526       -2.7410548076207455     
 -0.20014030211241796       -1.5690919523299272       -3.3073478388843176     
 -0.22471578248820911       -1.7772523097487607       -3.9641094371929633     
 -0.25186003071850216       -2.0177645906352382       -4.7222816437130994     
 -0.28192027228183214       -2.2970054579650707       -5.5936782717387334     
 -0.31531059094404235       -2.6225674025790511       -6.5909940481629601     
 -0.35252443978692405       -3.0034527287817383       -7.7278002317452454     
 -0.39414909425030764       -3.4502909428575066       -9.0185230316369136     
 -0.44088227066263563       -3.9755809634388726       -10.478400484941790     
 -0.49355114450267656       -4.5939592993597955       -12.123412708614556     
 -0.55313400990402606       -5.3224949368511147       -13.970179619442231     
 -0.62078482424956150       -6.1810111124283367       -16.035819320813886     
 -0.69786087734605928       -7.1924333846439481       -18.337759396349547     
 -0.78595381149162691       -8.3831624163935601       -20.893492345107624     
 -0.88692419421140656       -9.7834685946195918       -23.720265366916017     
  -1.0029398065522948       -11.427903997275990       -26.834693696652693     
  -1.1365177531318835       -13.355725217038554       -30.252285744406791     
  -1.2905704216793872       -15.611318115733553       -33.986867492831479     
  -1.4684552151648660       -18.244612663535747       -38.049893022385547     
  -1.6740278439402623       -21.311472569970391       -42.449627791813668     
  -1.9116987934400100       -24.874040409130572       -47.190191533985256     
  -2.1864923695738732       -29.001014368204011       -52.270448504078800     
  -2.5041074637314367       -33.767827623934267       -57.682734536698035     
  -2.8709788674693968       -39.256695733448396       -63.411413160034357     
  -3.2943375995183644       -45.556491424715404       -69.431257135868066     
  -3.7822682822639564       -52.762399967213952       -75.705657523339227     
  -4.3437611211226042       -60.975302160373246       -82.184669992899813     
  -4.9887555012258318       -70.300826264703801       -88.802917930790869     
  -5.7281716288141240       -80.848005407755920       -95.477384131552526     
  -6.5739260225349980       -92.727473749321518       -102.10513777390955     
  -7.5389260221557066       -106.04913375827414       -108.56106100948037     
  -8.6370378570836905       -120.91922925447349       -114.69565980643372     
  -9.8830222422523235       -137.43676545563898       -120.33306640945588     
  -11.292430992899476       -155.68922929890334       -125.26936534803937     
  -12.881457832581084       -175.74758199023103       -129.27140043573408     
  -14.666736482001177       -197.66052225284989       -132.07624531443162     
  -16.665079342058007       -221.44805413387758       -133.39154298176669     
  -18.893150713315791       -247.09443822439238       -132.89693803989780     
  -21.367069620573822       -274.54066000379061       -130.24683623328588     
  -24.101939028187203       -303.67661327934172       -125.07472583596092     
  -27.111300622052077       -334.33326895501881       -116.99928088570107     
  -30.406517459680870       -366.27517704294712       -105.63243328613311     
  -33.996090678900046       -399.19372894413470       -90.589545733726311     
  -37.884921088586218       -432.70168205507304       -71.501737216403853     
  -42.073531758286016       -466.32951262680575       -48.030305568878191     
  -46.557273516373115       -499.52420702312065       -19.883057123762399     
  -51.325541307654063       -531.65111655738417        13.167805841359325     
  -56.361035303618578       -561.99947697744767        51.266768061162395     
  -61.639106059064424       -589.79212095227172        94.455772456217971     
  -67.127227341152434       -614.19978280356361        142.65558506203826     
  -72.784642935589744       -634.36020449606190        195.64882890411982     
  -78.562234154078453       -649.40200037449176        253.06589444990590     
  -84.402652355232931       -658.47293108846782        314.37500864755208     
  -90.240755074646074       -660.77188740188524        378.87774015376698     
  -96.004375037856761       -655.58351254445802        445.71111694479919     
  -101.61543834830748       -642.31402512700743        513.85732115597602     
  -106.99143175854761       -620.52647708354402        582.16159989386767     
  -112.04719976215767       -589.97342982534940        649.35859577988856     
  -116.69703127399819       -550.62489399185415        714.10677545844646     
  -120.85697423249150       -502.68938666848533        775.03004962559760     
  -124.44729617012386       -446.62613834849617        830.76507770077569     
  -127.39499142401461       -383.14684014175020        880.01218661056123     
  -129.63622296083366       -313.20585232491055        921.58736330099248     
  -131.11858034339588       -237.97847155118495        954.47245994885952     
  -131.80303636102005       -158.82763023774561        977.86062629931905     
  -131.66549391621623       -77.260216215854399        991.19408673070166     
  -130.69783185390165        5.1250183735859594        994.19172125423097     
  -128.90838273566868        86.695317600198479        986.86447606650222     
  -126.32180557490193        165.84441548466742        969.51738199903616     
  -122.97835011938626        241.05226374305593        942.73783770995055     
  -118.93254383605981        310.94059549335554        907.37074211134086     
  -114.25136558920821        374.32119783652058        864.48195306859736     
  -109.01199849417601        430.23428435185980        815.31232477016874     
  -103.29927634791126        477.97507536535568        761.22516419737292     
  -97.202951779296072        517.10754075189823        703.65029783669252     
  -90.814918996151775        547.46515664168669        644.02802887171742     
  -84.226519740344798        569.13939127172102        583.75609599540655     
  -77.526048607479282        582.45739144164918        524.14234721523837     
  -70.796554727843983        587.95093034315892        466.36526629134460     
  -64.114012904319111        586.31906191995404        411.44380036711732     
  -57.545910869381800        578.38709205876421        360.21720500269743     
  -51.150272570097258        565.06443143513775        313.33491441863902     
  -44.975112318426056        547.30366681014937        271.25581757595722     
  -39.058292876319960        526.06281905599303        234.25581709623401     
  -33.427743218253632        502.27229681801924        202.44219283214028     
  -28.101979441738472        476.80755533542811        175.77309246562385     
  -23.090865191117032        450.46797706743126        154.08041963326758     
  -18.396545702656844        423.96204254282748        137.09446548423347     
  -14.014491522224738        397.89848363806129        124.46880415269680     
  -9.9345932315872361        372.78282318551186        115.80421472305454     
  -6.1422561903597312        349.01850954803706        110.67067052537726     
  -2.6194534078465281        326.91174866921261        108.62672294854190     
  0.65429566264935346        306.67910852505912        109.23587859059961     
   3.7010430911553129        288.45700707327768        112.07980890255425     
   6.5436410742404121        272.31227808493333        116.76843026364327     
   9.2050873359281056        258.25312312900701        122.94704513153727     
   11.707987093461121        246.23988750451682        130.30084174234815     
   14.074126357269151        236.19523060279641        138.55711450413762     
   16.324147700521223        228.01338747251961        147.48559572070130     
   18.477317249336686        221.56833163921803        156.89728874981017     
   20.551370344241519        216.72074558354603        166.64217054453593     
   22.562422915014285        213.32378306191242        176.60609472884028     
   24.524935897529943        211.22766677390547        186.70718103865812     
   26.451720815336010        210.28320710481609        196.89192814079448     
   28.353975783172221        210.34435493927143        207.13123838319325     
   30.241342522696812        211.26991638163167        217.41649767751440     
   32.121976398144341        212.92456224244989        227.75581322951490     
   34.002622894325469        215.17926283859040        238.17047715963713     
   35.888695308751949        217.91127121961409        248.69169550562185     
   37.784349672473198        221.00376724608500        259.35759951951070     
   39.692554026631498        224.34526251415974        270.21053910344023     
   41.615150153650454        227.82885310108230        281.29464603123853     
   43.552906693334364        231.35139433615632        292.65364655301397     
   45.505563272006590        234.81265984746679        304.32889834520790     
   47.471865848636796        238.11453633993128        316.35762485659200     
   49.449593949640061        241.16029609531606        328.77132028944402     
   51.435580838486750        243.85398109017814        341.59430020873208     
   53.425727962015308        246.09992585180836        354.84237564527990     
   55.415015245979646        247.80244060253210        368.52163219413490     
   57.397508989972707        248.86567172938595        382.62729972950297     
   59.366369246813697        249.19365299020285        397.14270275540741     
   61.313858672257517        248.69055795289447        412.03828593812364     
   63.231354904134577        247.26116178838004        427.27071392113078     
   65.109368580599579        244.81151853214357        442.78204904096663     
   66.937569138234437        241.24985813706729        458.49901500470196     
   68.704820543892481        236.48770591332146        474.33235893625783     
   70.399229109532001        230.44122515167211        490.17632843902152     
   72.008205515640554        223.03278172520794        505.90828444893782     
   73.518543123732542        214.19272713910712        521.38847465556444     
   74.916514588161419        203.86139373272241        536.45999613057211     
   76.187988677368580        191.99129242221107        550.94897949313690     
   77.318569078900765        178.54949939933823        564.66503041170301     
   78.293756784277093        163.52021347233841        577.40196742233604     
   79.099137421385635        146.90746015374850        588.93889784056898     
   79.720594615004430        128.73791208265962        599.04167583220794     
   80.144550101037368        109.06378784191634        607.46478833195215     
   80.358230887320204        87.965782638613746        613.95371526345843     
   80.349963233238782        65.555974626524346        618.24781018773399     
   80.109492601681694        41.980639861111342        620.08374581380917     
   79.628328010091238        17.422897032226672        619.19956542855459     
   78.900108363426710       -7.8949096896402580        615.33937588004187     
   77.920987382909772       -33.709194969692419        608.25870987824680     
   76.690032644806863       -59.713603234834409        597.73057461829785     
   75.209633010534446       -85.558100042006174        583.55218961550622     
   73.485907364475963       -110.84883185710964        565.55239868113927     
   71.529106085852490       -135.14891549328507        543.59971867588820     
   69.353995079425601       -157.98033011546346        517.61096058994792     
   66.980210498863840       -178.82709380425410        487.56032620464958     
   64.432570548781484       -197.13991203535784        453.48884577540252     
   61.741328991627007       -212.34248570410858        415.51397866923827     
   58.942353273104573       -223.83965991791410        373.83914972959474     
   56.077208590578763       -231.02757987999621        328.76293964465026     
   53.193127857446100       -233.30599477787939        280.68758845032107     
   50.342846477588722       -230.09281248075604        230.12640865922648     
   47.584280274129313       -220.84095474151957        177.70964010403151     
   44.980024974194009       -205.05749217256306        124.18821484397820     
   42.596656516043083       -182.32494831014776        70.434840648583446     
   40.503813315745077       -152.32455067696299        17.441759814315731     
   38.773044721554669       -114.86107248823362       -33.685498409511411     
   37.476414417576493       -69.888750919078120       -81.739072409005473     
   36.684853734763891       -17.537587211929178       -125.42512233027384     
   36.466267892026423        41.860867521541820       -163.38623267297078     
   36.883408294976419        107.74935498321975       -194.23042380846618     
   37.991536279931424        179.32372292724241       -216.56718949322817     
   39.835918136909683        255.51627890160739       -229.05076897629243     
   42.449207790144584        334.98546876475416       -230.43057908084774     
   45.848791914508993        416.11384735769059       -219.60836545892585     
   50.034192079361333        497.01643847533569       -195.70117751708415     
   54.984639053923487        575.56163101076550       -158.10872690588968     
   60.656954711996420        649.40669685725436       -106.58305956874989     
   66.983895748516204        716.04980932394130       -41.297768857527501     
   73.873129028458536        772.90005182192385        37.086774778409904     
   81.207018837557342        817.36629893798329        127.36646774143190     
   88.843409268022015        846.96499269778565        227.74980983468569     
   96.617577850264809        859.44570065487892        335.83317688105154     
   104.34551656816794        852.93191776415949        448.60110849306409     
   111.82866081206670        826.07286950504431        562.45783537658326     
   118.86013312312521        778.20012630967540        673.29601006231246     
   125.23249483351638        709.48072254385602        776.60781457150676     
   130.74690395895266        621.05630548355589        867.64217441308506     
   135.22346246570638        515.15579122497115        941.60959996100087     
   138.51240282094344        395.16730171661754        993.93312399642105     
   140.50561759551761        265.65408229667565        1020.5398812461945     
   141.14788492607227        132.29898276592826        1018.1831341970171     
   140.44699839369599        1.7632890190737953        984.77914858446627     
   138.48188745324956       -118.55141906372160        919.73755616281312     
   135.40773242701749       -220.84481054534922        824.25816469348274     
   131.45705737461390       -297.36204298591406        701.56221053413731     
   126.93584725277827       -340.93057368619247        557.02259074616086     
   122.21390419931011       -345.56790409861560        398.15659081172009     
   117.70894919673633       -307.12554565830681        234.44704767997541     
   113.86439988926770       -223.92080728662518        76.964733672578632     
   111.12131109645955       -97.295107167038964       -62.223185977876369     
   109.88563322553907        67.972730016394507       -170.85605222497247     
   110.49268625895704        263.47505982152433       -237.46819900714229     
   113.17150055319559        477.28070410327513       -252.50957493671410     
   118.01235330311059        694.39990486504712       -209.51491324435278     
   124.94132275665908        897.64834131093755       -106.20847973655918     
   133.70586878430149        1068.9133648717343        54.592853333242147     
   143.87520508973819        1190.7773327932748        264.42936193245305     
   154.85845010114289        1248.3953903122926        509.15002462521193     
   165.94216715226480        1231.4636167455133        769.49125136033945     
   176.34693513433086        1136.0561800184469        1022.3593073967238     
   185.30012754099675        966.06749810194299        1242.8177991994364     
   192.11933289677984        733.97929355817473        1406.6832517920020     
   196.29815379023179        460.69454379866124        1493.5186806651475     
   197.58390990033126        174.24979901496749        1489.7013376352629     
   196.03554010351380       -92.662131457764758        1391.1459957617346     
   192.05024017558776       -306.26015805131453        1205.2122133579292     
   186.34947201035814       -436.03645813852916        951.33603690787675     
   179.91910743169967       -459.41201870618977        660.02185265121352     
   173.90446821572857       -366.01676861187843        370.01633220531960     
   169.46833127585933       -160.83052930095005        123.75522607117000     
   167.62759566251330        134.55668504729738       -38.503470106780242     
   169.09091146394690        483.13794992524817       -85.119214211391181     
   174.12362563633059        836.38749496950550       0.92483496041177204     
   182.46648251578969        1140.6648673707073        217.58643230051803     
   193.32965487157378        1345.4101558771558        541.96976513125105     
   205.47371010713607        1411.9274322154292        931.93943516557761     
   217.37494860809724        1321.2094103818993        1331.3812873716604     
   227.45626033920954        1079.1678693673796        1678.6575687431450     
   234.34927521983951        717.88088704969243        1917.0724581786342     
   237.14265142354168        292.06595806395381        2005.5533696460554     
   235.56809183108285       -129.12966469430921        1927.4329516429309     
   230.08218170943070       -473.91796204562002        1695.3202027937687     
   221.81853726163843       -681.21364804005214        1350.6298444734643     
   212.40880346358958       -712.91775052481978        957.33676431469576     
   203.69824557262751       -562.46791314728034        590.75588067503759     
   197.40607332508597       -257.54627793970042        323.34243538780765     
   194.79612181243019        144.03637329545853        210.35618383503947     
   196.42547548447578        564.78999355164478        278.47805416784990     
   202.02537960696893        922.36356881474694        519.98442441080010     
   210.54238969594121        1145.6697531308137        893.93304760992419     
   220.33377133358906        1188.8429250494230        1334.2464479244027     
   229.47760417600321        1039.9805321079514        1762.9786806698312     
   236.13307659281799        722.79692022555230        2105.8368830751833     
   238.87632216004019        290.96494271076324        2306.5274549411915     
   236.94431900188349       -183.39306878560183        2336.8445123606634     
   230.34180671666613       -624.31734864612804        2200.5156951208869     
   219.79789581395070       -966.41626262367436        1930.3596438876934     
   206.59187633137816       -1166.0313070296124        1579.8687111491431     
   192.29365167337713       -1207.1159434485958        1211.5027209599821     
   178.47756298953342       -1101.1717308896898        884.49219436030103     
   166.46719494244894       -881.97927270771982        644.73489343123219     
   157.15504059866984       -596.90506501190896        518.56667743610137     
   150.91955534556371       -297.04188617897057        511.07862165790880     
   147.63927040670782       -28.316774448451156        608.56227804626974     
   146.78478583832327        174.89068540938842        783.86219517157724     
   147.55817499813750        292.90361177216755        1003.0438783771237     
   149.04662858985722        320.77385390476820        1231.8491383938422     
   150.36178681681244        265.88444163958343        1440.7986083661622     
   150.74544173185498        144.14250064771727        1608.3447702983549     
   149.63301030912365       -24.210602458726044        1722.0119231558433     
   146.67572634095129       -218.35128875347141        1777.8623471316998     
   141.72921946368123       -419.68352674062658        1778.8462012712694     
   134.81950008993954       -613.52487379953095        1732.6328514974127     
   126.09771343292087       -789.74458898238186        1649.4301765849923     
   115.79326005846016       -942.58756575225266        1540.1382216495545     
   104.17204864450846       -1069.9771848178070        1415.0113167059865     
   91.503652977789017       -1172.5735754876932        1282.8579510490181     
   78.038602657636346       -1252.8023322033332        1150.7091734784317     
   63.995241420132047       -1313.9915553361916        1023.8356632580409     
   49.554574719741069       -1359.6833679107835        905.98158853347468     
   34.861168977615598       -1393.1315894036948        799.69630521172473     
   20.028253242936877       -1416.9638112134567        706.66983802740310     
   5.1454975667011453       -1432.9721855955372        628.00533050444869     
  -9.7116781805101056       -1441.9986218371250        564.38596838662795     
  -24.472106227419815       -1443.8918320178095        516.11391406722146     
  -39.058873416246826       -1437.5310023802290        483.01603495220127     
  -53.380048518679217       -1420.9292752260187        464.22866413592152     
  -67.321064603786411       -1391.4451197588019        457.89433205480088     
  -80.740002272956701       -1346.1360280829463        460.82890633334995     
  -93.467330489962947       -1282.2814704666582        468.24645752595785     
  -105.31180342705827       -1198.0760394852709        473.65585762931084     
  -116.07398591582981       -1093.4472398424982        469.05753233385008     
  -125.56809548439162       -970.88887746756427        445.55753264685455     
  -133.65138961047623       -836.13190351940807        394.46584288867302     
  -140.25823916709425       -698.42032417261726        308.84897552679138     
  -145.43360328118993       -570.14760429744183        185.36836039636296     
  -149.35842670941256       -465.66613231507313        26.079070043939510     
  -152.35831318261060       -399.22521255507627       -160.26916206568774     
  -154.88753207247930       -382.21489001215559       -357.93905915472703     
  -157.48360011061635       -420.15454536098446       -545.35046138668918     
  -160.69338484610111       -510.09543877648116       -697.84916881572826     
  -164.97911433623040       -639.21606176595992       -791.90055623874991     
  -170.62018959593547       -785.29875739975432       -810.05600358161837     
  -177.63203189173174       -919.45007504253817       -745.64798970660888     
  -185.72411800011011       -1010.9025632984774       -605.98298125022404     
  -194.31443001558299       -1033.1292184934168       -412.93415295518810     
  -202.60686027429134       -969.98867616829068       -200.32084941402729     
  -209.72360901380426       -820.38174321317149       -8.2179131512077674     
  -214.86981815489963       -600.06262267025340        124.82199736075017     
  -217.49681237215941       -339.82311280322710        169.97244711352300     
  -217.42698207881648       -80.133320827965917        114.81481314701387     
  -214.90930263432847        136.75163833588033       -33.223577419068988     
  -210.58889407374588        275.49224210377690       -247.67829095731236     
  -205.39349865545771        315.15862184783549       -488.08092160755393     
  -200.35927411482334        253.74558873106099       -708.14173203107816     
  -196.43270153782032        108.64656336176517       -865.22473779440713     
  -194.29091238375671       -86.994392097833867       -928.96053021994874     
  -194.21805655710932       -291.15375431553372       -887.09817618007492     
  -196.06194756923219       -461.40730224659126       -747.41574274010145     
  -199.27683766953771       -563.11828242738602       -535.47451726308282     
  -203.03954866803292       -575.62843540425740       -288.94926997183916     
  -206.41174021673589       -495.32036909897249       -49.960486096549630     
  -208.51379979143505       -335.19701563021943        142.86862345205054     
  -208.67659075455592       -121.39310294871856        261.03087192283249     
  -206.54498148360454        112.38429196008673        290.28885699691796     
  -202.11913405830106        331.19993452535357        231.86322060511134     
  -195.73278807285675        504.75562041813328        100.80499852663513     
  -187.97931399134461        611.78919203406099       -77.781842719742485     
  -179.60408586800099        642.44659612822966       -273.70462198111153     
  -171.38485511174525        598.52558861466161       -456.81249741081251     
  -164.02053611837812        491.88263628188440       -601.41917567061819     
  -158.04421226614579        341.55740575192118       -689.42230919666599     
  -153.76973063216548        170.27959429499847       -711.85315513366106     
  -151.27449085905087       0.99423754856172764       -668.89660352633769     
  -150.41517922536011       -146.08861857243045       -568.65506243640016     
  -150.86903335509342       -255.59856804114162       -425.06593644009979     
  -152.19104324668476       -318.13625796951959       -255.42178571801537     
  -153.87718605555597       -330.47210593779084       -77.902377591782965     
  -155.42495980735893       -294.97442884621751        90.564442576516058     
  -156.38459367348182       -218.49699202731017        235.91245560890957     
  -156.39683015129262       -110.97404945219176        347.93271701577936     
  -155.21564088876138        16.050015758290328        420.66881084375876     
  -152.71632850525074        150.77550063267205        452.29648450313340     
  -148.89100111903366        282.26343846308555        444.61386499595295     
  -143.83433256583533        401.24776854324460        402.28287233614145     
  -137.72288526975404        500.62898463018280        331.95565160181462     
  -130.79118154952153        575.67315402895292        241.39886860160169     
  -123.30729746343991        623.96536900373826        138.70036413090179     
  -115.55015641739323        645.17934594569954        31.612610627785273     
  -107.79003550421470        640.72723678241357       -72.940227973082273     
  -100.27315657401817        613.34858136803223       -169.18756668902785     
  -93.210677109887484        566.68755419579816       -252.68266376757649     
  -86.771956089037616        504.89573313556025       -320.34124682864598     
  -81.081657370710332        432.28547895266286       -370.37723931738441     
  -76.220061401947191        353.04799433486028       -402.16543745708026     
  -72.225868315421849        271.04100339700335       -416.05903893425989     
  -69.100769732047979        189.64407254523178       -413.18605214884303     
  -66.815119540613878        111.67486029765237       -395.24378588702814     
  -65.314124012062564        39.356798694058966       -364.30558085051723     
  -64.524080509898482       -25.672482320937547       -322.64921856886605     
  -64.358307484473656       -82.322666314378296       -272.61234923046590     
  -64.722516153635127       -129.99204206872361       -216.47697197057664     
  -65.519469720114017       -168.49708942529611       -156.38250981638589     
  -66.652855662862009       -197.99731018820245       -94.265293974347202     
  -68.030359430501292       -218.92065668381241       -31.821206255747697     
  -69.565974302980123       -231.89341150785157        29.512300632018025     
  -71.181613892547972       -237.67705395078320        88.558705586033227     
  -72.808112935438132       -237.11355154395710        144.39317564504915     
  -74.385711106149031       -231.07964834987905        196.32495110313920     
  -75.864115947743301       -220.45007342551651        243.87427285218729     
  -77.202236823646359       -206.06913907024961        286.74626408713362     
  -78.367673925608628       -188.72990848608512        324.80368198222874     
  -79.336036346432167       -169.15995408262231        358.03999370216729     
  -80.090152236466423       -148.01266998668839        386.55382305557202     
  -80.619222993173281       -125.86311773258345        410.52546766699430     
  -80.917962899328572       -103.20744913768220        430.19590333514941     
  -80.985756023006630       -80.465045956132542        445.84846924429360     
  -80.825853742161542       -57.982627247334761        457.79325906036968     
  -80.444629047234656       -36.039691510932755        466.35412136694720     
  -79.850897800887822       -14.854773799419803        471.85809059212585     
  -79.055312324785575        5.4078968422656999        474.62701895239974     
  -78.069828930016115        24.631660121370885        474.97115401110278     
  -76.907248180384357        42.740846202856318        473.18439907794834     
  -75.580824639671647        59.694526097497516        469.54099965793017     
  -74.103941471111611        75.480703583769710        464.29341422183688     
  -72.489844404825774        90.111015848937456        457.67114831899789     
  -70.751429154504180        103.61597432577649        449.88035486578877     
  -68.901076250337326        116.04075009178611        441.10402836884668     
  -66.950527377952156        127.44148833093359        431.50264548339601     
  -64.910797603971091        137.88212245082119        421.21512771671968     
  -62.792118271953676        147.43164933449719        410.36002366933843     
  -60.603905823686219        156.16182185886754        399.03682763564467     
  -58.354752305948708        164.14521234995095        387.32736853426150     
  -56.052433836372977        171.45360033090645        375.29721802066780     
  -53.703933805230704        178.15663914701949        362.99707936110110     
  -51.315478070034388        184.32075833766976        350.46412938862881     
  -48.892579848252630        190.00826158874844        337.72329482476937     
  -46.440092425258882        195.27658345014885        324.78845165271923     
  -43.962268167442552        200.17767152756323        311.66354229115012     
  -41.462822663667097        204.75746440419917        298.34361025173530     
  -38.945003112696313        209.05543901574742        284.81575596497288     
  -36.411660331333778        213.10420453159966        271.06002070477706     
  -33.865323979766885        216.92912296063463        257.05020818941284     
  -31.308280789010436        220.54793970064509        242.75465562018439     
  -28.742655732310787        223.97041010706099        228.13696775424509     
  -26.170496209507654        227.19791090588873        213.15672918759432     
  -23.593859411790085        230.22302796731054        197.77021142217231     
  -21.014903104610738        233.02911465010118        181.93109256042175     
  -18.435980108660615        235.58981769081350        165.59120864544164     
  -15.859736771960485        237.86857051957023        148.70135675845981     
  -13.289215708744869        239.81805701470250        131.21217099048789     
  -10.727963030551138        241.37965214222041        113.07509329225786     
  -8.1801402086436781        242.48284974405152        94.243461922678790     
  -5.6506405806872237        243.04469201939455        74.673740681921004     
  -3.1452103438012955        242.96922005786300        54.326912223373284     
 -0.67057365552813053        242.14697019149872        33.170058350718733     
   1.7654388119000828        240.45454697743531        11.178149150464918     
   4.1537588562633445        237.75431032033012       -11.663939120635632     
   6.4839486663660324        233.89422157430852       -35.359160523319503     
   8.7440695545998395        228.70790136066188       -59.895777876269563     
   10.920553931405394        222.01496017047231       -85.244576885157642     
   12.998083586946620        213.62167138260051       -111.35581790515371     
   14.959478060171904        203.32206481200052       -138.15593789831701     
   16.785597666594242        190.89952688975427       -165.54402852929366     
   18.455266615075772        176.12900050671243       -193.38813282623278     
   19.945222555844225        158.77988271472447       -221.52142270194815     
   21.230099844208496        138.61972099079077       -249.73834307246184     
   22.282454744697603        115.41880756930109       -277.79083537029373     
   23.072841695075326        88.955765198379311       -305.38478376472676     
   23.569950542451366        59.024205180576189       -332.17686092644016     
   23.740815283874809        25.440518194726991       -357.77198590206677     
   23.551105205730153       -11.947171416138275       -381.72164333802289     
   22.965509319301574       -53.248898011510420       -403.52334911775131     
   21.948224519538257       -98.521656969554670       -422.62158004323624     
   20.463556824718438       -147.75724681825457       -438.41051142035553     
   18.476643254287097       -200.86936147460682       -450.23892252794997     
   15.954299239236022       -257.68023679868043       -457.41763153789333     
   12.865992813066640       -317.90726157322911       -459.22980354164429     
   9.1849421040420367       -381.15007798061760       -454.94443263194887     
   4.8893267826253179       -446.87881599793980       -443.83322619307529     
  -3.6402889177082898E-002  -514.42422321281583       -425.19101184595183     
  -5.6001438303628248       -582.97055758365275       -398.35964113339730     
  -11.800718117159477       -651.55219470760710       -362.75517709702422     
  -18.626454096010249       -719.05495040112623       -317.89792614385749     
  -26.053823282902172       -784.22311965791471       -263.44461234280965     
  -34.046195010054845       -845.67316965144187       -199.22170325547671     
  -42.552778977340253       -901.91488348374696       -125.25859441374729     
  -51.507832114456235       -951.38052134182112       -41.819063892400209     
  -60.830209540764017       -992.46223945689553        50.570856282169188     
  -70.423338970874937       -1023.5575841211671        151.10064969022915     
  -80.175692748573255       -1043.1223659777593        258.66089601427848     
  -89.961821033665672       -1049.7296372870308        371.83881945232929     
  -99.643993001825990       -1042.1328719242742        488.92579384216322     
  -109.07447010062134       -1019.3308262679654        607.93844661823459     
  -118.09840676779879       -980.63099117379602        726.65446644219605     
  -126.55734045853455       -925.70809075189197        842.66349482117096     
  -134.29319585897363       -854.65380542020000        953.43259271726788     
  -141.15268990297778       -768.01385403091660        1056.3847628033500     
  -146.99198730550881       -666.80881118798175        1148.9879417080078     
  -151.68142380089429       -552.53559078541548        1228.8508380463338     
  -155.11008929025246       -427.14739871984295        1293.8210779401957     
  -157.19004866838648       -293.01111837561149        1342.0804311177053     
  -157.85997673685821       -152.84247931603238        1372.2315219609245     
  -157.08799701182059       -9.6208773500802067        1383.3704566851623     
  -154.87354297676751        133.51275920234934        1375.1402652265938     
  -151.24810365683214        273.37026475290526        1347.7609691569369     
  -146.27477113902631        406.83677257078847        1302.0334037879693     
  -140.04657233681698        530.99083740911578        1239.3155559468607     
  -132.68363631489771        643.21724562299153        1161.4720004702699     
  -124.32931657615806        741.30590810242541        1070.7988712489796     
  -115.14544941021481        823.53106064158874        969.92851746739279     
  -105.30697963504183        888.70630029901611        861.71941062004680     
  -94.996219681457490        936.21265304580959        749.13784786383178     
  -84.397024209062977        965.99874612006920        635.13845073764037     
  -73.689159221004900        978.55407439341957        522.55034859835553     
  -63.043122672416516        974.85812841461200        413.97528570111092     
  -52.615635235347703        956.30963622624972        311.70277755282837     
  -42.545968965772133        924.64124169670686        217.64598847958314     
  -32.953222822730666        881.82552789174269        133.30035915563076     
  -23.934592420592963        829.97837791978009        59.725340354515765     
  -15.564622009955414        771.26528277392549       -2.4519620788875045     
  -7.8953738043987158        707.81543459544673       -53.013731495477145     
 -0.95740671946461475        641.64739351845424       -92.112446876116906     
   5.2385745351354558        574.60891065918099       -120.22001956638746     
   10.699557450676323        508.33225201118557       -138.06934456954411     
   15.447710251853209        444.20520706184038       -146.59242271696291     
   19.517679408157761        383.35696716663654       -146.85880062648744     
   22.953840597858644        326.65727836894206       -140.01746354169325     
   25.807627122777703        274.72673769848961       -127.24458628828961     
   28.135035340388953        227.95581002314896       -109.69877961190832     
   29.994380691235271        186.53007135683220       -88.484731195717018     
   31.444352415637347        150.45929608238080       -64.625484500150208     
   32.542391683711138        119.60825363528846       -39.043057987937289     
   33.343397719965331        93.727416822814178       -12.546698688126412     
   33.898750218617032        72.482164402698629        14.172211169458649     
   34.255624122910845        55.479446850503905        40.539727683350350     
   34.456564543313810        42.291247093800564        66.094578807343453     
   34.539284829594166        32.474487239937503        90.480200981239250     
   34.536649049563778        25.587296431915547        113.43462502019602     
   34.476800749071749        21.201759728195611        134.77912207250048     
   34.383402254040270        18.913414808119853        154.40636570858084     
   34.275952349236078        18.347857823151401        172.26870736782689     
   34.170154427571070        19.164869696047845        188.36701085391499     
   34.078311736218907        21.060488507384605        202.74035499320601     
   34.009730834505483        23.767441205507566        215.45679636076699     
   33.971118596267807        27.054316934756457        226.60528790888321     
   33.966961888653870        30.723821871217524        236.28877420536631     
   33.999882358874892        34.610407334892159        244.61842825322765     
   34.070961531024274        38.577513517307693        251.70895615275808     
   34.180033665852747        42.514623583372270        257.67487142902587     
   34.325945602592235        46.334279255704132        262.62762786393330     
   34.506784134884668        49.969170467392132        266.67349547787785     
   34.720072431863727        53.369378793118642        269.91206652631655     
   34.962937661673251        56.499827161331837        272.43528499193110     
   35.232252367263705        59.337966498235460        274.32690241848161     
   35.524752337280141        61.871712938715262        275.66227376161237     
   35.837133756020897        64.097636435246585        276.50841826113992     
   36.166132346500547        66.019392346722981        276.92428148167164     
   36.508587073377463        67.646381256455612        276.96114516350360     
   36.861490775098716        68.992618263810357        276.66314109276811     
   37.222029868364309        70.075790796026382        276.06783369408129     
   37.587615029148267        70.916483149085565        275.20684342492763     
   37.955904514954014        71.537546117059293        274.10648933195188     
   38.324821561099029        71.963590906059324        272.78843438297395     
   38.692567065227763        72.220587812328432        271.27032150853768     
   39.057628572336164        72.335551689172377        269.56639177915224     
   39.418786389066376        72.336297895234623        267.68807891765988     
   39.775117491430407        72.251254105571974        265.64457650497070     
   40.125997744059333        72.109315006085183        263.44337587843972     
   40.471102820621738        71.939728433927655        261.09077393186942     
   40.810408102868365        71.772002943055043        258.59235087982131     
   41.144187738336441        71.635828050568051        255.95341861076813     
   41.473012952495296        71.560999552040130        253.17944057718955     
   41.797749638440891        71.577343286390942        250.27642429990595     
   42.119555184673359        71.714631592379504        247.25128753409530     
   42.439874447660429        72.002487442746883        244.11219898356933     
   42.760434729583949        72.470271884481548        240.86889417979492     
   43.083239581887518        73.146950972561569        237.53296677966981     
   43.410561221179407        74.060938879224523        234.11813509410695     
   43.744931315071121        75.239914311675022        230.64048314800999     
   44.089129871282665        76.710607799340210        227.11867499929599     
   44.446171943632386        78.498557839204068        223.57414041720281     
   44.819291853431103        80.627834336903419        220.03122934498472     
   45.211924614583765        83.120728275296869        216.51733185664770     
   45.627684245902699        85.997407104800743        213.06295957045245     
   46.070338655516721        89.275536005127009        209.70178371469703     
   46.543780790800810        92.969865940592967        206.47062426802253     
   47.051995764197144        97.091790345365297        203.40938383553544     
   47.599023692122515        101.64887335488572        200.56091919666767     
   48.188918022528618        106.64435376818005        197.97084280004447     
   48.825699178517354        112.07663040369192        195.68724592073514     
   49.513303412766064        117.93873621645690        193.76033477983910     
   50.255526852612547        124.21781048986730        192.24197070786346     
   51.055964820753687        130.89458060740628        191.18510547348509     
   51.917946643917197        137.94286734599922        190.64310326975905     
   52.844466313761416        145.32913029876840        190.66894163244237     
   53.838109542558087        153.01207290147858        191.31428485147052     
   54.900977962464438        160.94232955541162        192.62842532746595     
   56.034611452305612        169.06226043809022        194.65709092847246     
   57.239909839790755        177.30588267222760        197.44111983040540     
   58.517055518851521        185.59896944947224        201.01500869092692     
   59.865438838678074        193.85935130748157        205.40534541819437     
   61.283588458433869        201.99745582161285        210.62914434746790     
   62.769109212648019        209.91712323340658        216.69210940104770     
   64.318630387120322        217.51673568323207        223.58685981531266     
   65.927767650742140        224.69069637788380        231.29116325593958     
   67.591102207988627        231.33129178858087        239.76623252119816     
   69.302181008781162        237.33096437862994        248.95515437360248     
   71.053542051132524        242.58501490659438        258.78153204511034     
   72.836768906755637        246.99474152740919        269.14843618935788     
   74.642578555133412        250.47100721821749        279.93777189309310     
   76.460946387388063        252.93820703309103        291.01018099581586     
   78.281271793854216        254.33858198359189        302.20560836604415     
   80.092587032378219        254.63679675350699        313.34466666836369     
   81.883811041477784        253.82466402815402        324.23093500428365     
   83.644048469479301        251.92585932570989        334.65432086236268     
   85.362932399913461        249.00042767393194        344.39560010810919     
   87.031007038330074        245.14883865065650        353.23222418557214     
   88.640143977320065        240.51530124923033        360.94544516661841     
   90.183982590559793        235.29000758344290        367.32875577636838     
   91.658381671796647        229.70993834516526        372.19757139524171     
   93.061865721528250        224.05783785678528        375.39999326637781     
   94.396045434484947        218.65895815162241        376.82838667197245     
   95.665988156611419        213.87518625227710        376.43138601840587     
   96.880510629567766        210.09621381147372        374.22580376967232     
   98.052363563007972        207.72749088606190        370.30777750633541     
   99.198275878900120        207.17483283917778        364.86234738017231     
   100.33882632825240        208.82572704532140        358.17052639125404     
   101.49811210290494        213.02761780099956        350.61282315869175     
   102.70318858197837        220.06373364472199        342.66811948105374     
   103.98326196298051        230.12735608795219        334.90681419776564     
   105.36862764136839        243.29580071959481        327.97724380250997     
   106.88936206471374        259.50577055314284        322.58460229742957     
   108.57379438890501        278.53211736716980        319.46192903252086     
   110.44680623900048        299.97236912283302        319.33322923752723     
   112.52803240284445        323.23959941535907        322.86944324836651     
   114.83006098580327        347.56626862321298        330.63877788739933     
   117.35675643503554        372.02149096072799        343.05382785085487     
   120.10185026756263        395.54371259071786        360.31889201484114     
   123.04795908811080        416.98996798139387        382.38184614422539     
   126.16619390646284        435.20167976597071        408.89575604834840     
   129.41651504799728        449.08538022376979        439.19596209464657     
   132.74895954174207        457.70480735943579        472.29847479532282     
   136.10582003181793        460.37867521659359        506.92502292910922     
   139.42478475526303        456.77621980770584        541.55883632731616     
   142.64295798167839        447.00063980462846        574.53311511793186     
   145.70157353137981        431.64911689705821        604.15110532124891     
   148.55109817832982        411.83759605018145        628.83285408626091     
   151.15630836752811        389.17932223863249        647.27929608137629     
   153.50082784280249        365.70860966206055        658.63974227033668     
   155.59055333079561        343.74567758772821        662.66470110099726     
   157.45538918843221        325.70462481975233        659.82301102303154     
   159.14877708583697        313.85443168204023        651.36133855820822     
   160.74465552374483        310.05160431169816        639.28600561803182     
   162.33171955047465        315.47164650467016        626.25247531035461     
   164.00516409767442        330.37354259868766        615.35689605669677     
   165.85646007089881        353.93522298177663        609.83656541671633     
   167.96208941686976        384.19693337800595        612.70099821281428     
   170.37249790716922        418.14224376772790        626.33065984615519     
   173.10274714407407        451.93252874799089        652.09384504501418     
   176.12639509180570        481.29063096707250        690.04069410430202     
   179.37395450735335        502.00494873789955        738.73401061139566     
   182.73684490473852        510.49966944857675        795.26708888927351     
   186.07708006751858        504.39480822509393        855.49823928194587     
   189.24208264214744        482.96622321600603        914.50117119232550     
   192.08310325159763        447.41564705956284        967.19329594880310     
   194.47489761838591        400.87726494512719        1009.0661090937905     
   196.33375378533364        348.12104075431773        1036.9105516605764     
   197.63082129131107        294.96080001942209        1049.4134979927790     
   198.39808176799477        247.43012263921298        1047.5058102469834     
   198.72523468764825        210.84128238564517        1034.3710364583492     
   198.74716007155436        188.88016275333416        1015.0752818230674     
   198.62325508280114        182.90261009510004        995.84595847203650     
   198.51152811002277        191.57820114686172        983.09791661961992     
   198.54154069002018        210.97535445872455        982.36479801281098     
   198.79081885205389        235.10418350170096        997.32653637869976     
   199.26902742085773        256.84468875100566        1029.1200882038245     
   199.91300122525180        269.10662707189920        1076.0765629179218     
   200.59383962570246        266.01285275285653        1133.9501828792727     
   201.13505146394988        243.88467472099401        1196.6081108256944     
   201.33864410271300        201.84148878074103        1257.0561853978456     
   201.01453708410020        141.90209358687727        1308.6058897234361     
   200.00808696975125        68.575620395324236        1345.9594131302827     
   198.22096968323100       -11.966999104111224        1366.0097198235280     
   195.62207183760211       -92.968517522207662        1368.2163920502351     
   192.24706690750807       -168.19364527747041        1354.5100184833482     
   188.18753477516972       -232.86246142589346        1328.7756686178245     
   183.57234657252118       -284.25195987767586        1296.0465317586986     
   178.54520565159919       -321.88877620531821        1261.5846490201061     
   173.24252322357472       -347.34467015164819        1230.0292420392843     
   167.77524598989777       -363.72226703001422        1204.7579818853719     
   162.21706443505448       -374.96619856583311        1187.5453147787052     
   156.59994881519728       -385.14732413678632        1178.5320962669966     
   150.91653642598709       -397.84781676370096        1176.4592882798652     
   145.12780944402743       -415.73256225097452        1179.0775821530422     
   139.17391338779612       -440.34106518250542        1183.6296559223647     
   132.98588959814467       -472.08682457014947        1187.3104034203504     
   126.49643464953188       -510.41716025981339        1187.6357965515240     
   119.64839242307376       -554.06978057012418        1182.6837486977383     
   112.40035446392990       -601.36209332334124        1171.2017346865387     
   104.72934470832190       -650.46104351263261        1152.5998664033380     
   96.631003468271416       -699.59931873631285        1126.8618486450462     
   88.117929458159168       -747.22264208437105        1094.4100175855265     
   79.216902832795753       -792.06862432881644        1055.9568234882040     
   69.965641843228070       -833.18826120493895        1012.3668580677288     
   60.409596642514273       -869.92636978105884        964.54390029536751     
   50.599107380758241       -901.87798907395700        913.34874561741594     
   40.587088180717700       -928.83551106602636        859.54708334875158     
   30.427266156591941       -950.73757067277506        803.78278668239363     
   20.172913506455558       -967.62670654111207        746.57043268073653     
   9.8759590823154895       -979.61926120934027        688.30108887528911     
 -0.41365341408527456       -986.88824226492534        629.25670628561193     
  -10.648488925912702       -989.65791521270421        569.63022163343112     
  -20.784133640464972       -988.20755618563908        509.55019351152430     
  -30.779771906914505       -982.88081388993805        449.11010350239349     
  -40.598861910065693       -974.09632026544978        388.40306980142520     
  -50.209896497864690       -962.35447962263083        327.56245409692707     
  -59.587181707417130       -948.23485918308211        266.80758609828638     
  -68.711509253642362       -932.37858102231644        206.49161041337243     
  -77.570547471314541       -915.45099322861427        147.14551153947616     
  -86.158739280324284       -898.08212461362427        89.509215797694083     
  -94.476490892044637       -880.78631121802186        34.538150736863145     
  -102.52847775974473       -863.86787651878444       -16.627123004177292     
  -110.32099790432810       -847.32623571869817       -62.738424289332841     
  -117.85847065142383       -830.77997698041645       -102.56883148372617     
  -125.13939801319520       -813.43343838708392       -135.08718812199470     
  -132.15234256956390       -794.10887831372338       -159.65959309564414     
  -138.87267555304786       -771.36072677272000       -176.24583452540969     
  -145.26094527309243       -743.67496562364704       -185.54846364630066     
  -151.26364559840536       -709.73765414845116       -189.06919319363794     
  -156.81688775766048       -668.73543231039548       -189.03493653613964     
  -161.85300209271372       -620.63278093487543       -188.17535888593818     
  -166.30948355913716       -566.36187996773697       -189.36334114330020     
  -170.13906570725513       -507.86601039172501       -195.16375888997140     
  -173.31921770209749       -447.95857798826114       -207.36622733392971     
  -175.85916029055466       -389.99469703744205       -226.59498178035847     
  -177.80269433313043       -337.39409015881870       -252.08679575030339     
  -179.22574726826664       -293.09288555336036       -281.70318741476353     
  -180.22848003235970       -259.02714496743448       -312.19947739994200     
  -180.92287495685272       -235.75453897845205       -339.71959176614814     
  -181.41770385644435       -222.29955673286696       -360.43452787007345     
  -181.80341967391820       -216.26548242468766       -371.20701315979670     
  -182.13965768708084       -214.20238299603170       -370.15452831368509     
  -182.44762169900616       -212.16721884462999       -357.00075340548756     
  -182.70874645103174       -206.37253808179850       -333.14765678079061     
  -182.86986093769687       -193.80318939788708       -301.45685072084473     
  -182.85388182570728       -172.68941473907955       -265.78622335565115     
  -182.57409351458659       -142.75646672392577       -230.37332357267667     
  -181.94951141126833       -105.21721869081816       -199.18124815674719     
  -180.91876551277312       -62.524051616704696       -175.32222011468980     
  -179.45035655953185       -17.938800571577197       -160.65099063981552     
  -177.54790446624165        24.993296130072750       -155.58172094021813     
  -175.24994742135289        62.971589260598932       -159.13766173184763     
  -172.62476663560182        93.385993206657460       -169.20225199104425     
  -169.76144291036726        114.62079262571487       -182.91054291885359     
  -166.75879264697537        126.18709180567629       -197.10505297897407     
  -163.71394848571740        128.68597231366317       -208.78057953853249     
  -160.71217388477706        123.63030558099422       -215.45543483662232     
  -157.81910882632349        113.17010856352263       -215.42749278442398     
  -155.07613587790553        99.773133970616357       -207.89722692057728     
  -152.49903260421809        85.909930701680253       -192.96204286487784     
  -150.07962061401690        73.783208635749986       -171.50340300437574     
  -147.78978793889101        65.127974689028576       -144.99883208789447     
  -145.58707359886745        61.094519731796026       -115.29470080873466     
  -143.42095718764082        62.213330754800950       -84.373679948365577     
  -141.23906796309348        68.430967635551667       -54.144593765196930     
  -138.99268172951008        79.199604040833833       -26.273956780414665     
  -136.64107118112796        93.600266271767850       -2.0694890976504894     
  -134.15448128377952        110.48025571205977        17.582271077352345     
  -131.51568831403242        128.58795616125235        32.228628222958093     
  -128.72025143689410        146.69227049919334        41.822436881399597     
  -125.77567060389651        163.67844550182662        46.663941555690428     
  -122.69972339346634        178.61635227379071        47.324332304873963     
  -119.51827123314416        190.80093614625099        44.561712088752074     
  -116.26281072410936        199.76729322522198        39.238381126744855     
  -112.96800840853646        205.28461173493184        32.246100160944081     
  -109.66940694001198        207.33410830207396        24.443670529490873     
  -106.40143560383913        206.07624757628793        16.609034890394184     
  -103.19580498430827        201.81215000231089        9.4063259868065074     
  -100.08031875003374        194.94336093647115        3.3669494066249399     
  -97.078097579513440        185.93324688964839       -1.1171132070643353     
  -94.207182132754156        175.27233938826998       -3.7900932058038279     
  -91.480463439977711        163.44906304534942       -4.5217975718722414     
  -88.905879064191069        150.92652431607007       -3.2919456932323214     
  -86.486810385490315        138.12543201528109      -0.17163086920942305     
  -84.222618668443815        125.41277659950083        4.6962907719059217     
  -82.109263568959349        113.09560207747330        11.116469106112902     
  -80.139955951779825        101.41904147389647        18.858956105063783     
  -78.305806115209322        90.567728368532471        27.675050048615901     
  -76.596437825291972        80.669716627544062        37.310709695596131     
  -75.000547286624823        71.802113346354645        47.517403127352623     
  -73.506393899841441        63.997734992299030        58.060440201217375     
  -72.102216152930168        57.252216688432839        68.724967387985828     
  -70.776571194561910        51.531126668708055        79.319886348489433     
  -69.518600582283369        46.776753207213005        89.680001375903544     
  -68.318227499270762        42.914334157304552        99.666714432974743     
  -67.166292544274626        39.857586676649589        109.16757803207133     
  -66.054636191973344        37.513465820092506        118.09499272877838     
  -64.976136366895076        35.786135928851934        126.38430341242446     
  -63.924709433496389        34.580179518605291        133.99151152579628     
  -62.895282419593400        33.803096567658656        140.89078231296384     
  -61.883743579975345        33.367164834622599        147.07188963395663     
  -60.886877568933002        33.190741191884825        152.53770739605261     
  -59.902290600347456        33.199086900458695        157.30182714804926     
  -58.928330088288192        33.324798000930997        161.38635626112296     
  -57.964002419385707        33.507917018007163        164.81993039712796     
  -57.008891736454302        33.695795165568441        167.63595742129843     
  -56.063082067373543        33.842773920998752        169.87101261568648     
  -55.128040649444081        33.748173789256072        171.47946665809405     
  -54.196819579057426        35.007826013956759        173.31449659041488     
