-5.827969881326896306e+00
-6.207852186977560471e+00
-6.587464004646442106e+00
-6.967077192817217934e+00
-7.346962817129194079e+00
-7.727391066574692324e+00
-8.108631164609173325e+00
-8.490951273688477130e+00
-8.874618391713646304e+00
-9.259898238824556316e+00
-9.647055132939341249e+00
-1.003635185238729655e+01
-1.042804948392917375e+01
-1.082240725440055584e+01
-1.121968234415185073e+01
-1.162012968039281446e+01
-1.202400170848089189e+01
-1.243154813912170553e+01
-1.284301566937750039e+01
-1.325864767530613086e+01
-1.367868387398023700e+01
-1.410335995256489738e+01
-1.453290716206351085e+01
-1.496755187327761405e+01
-1.540751509246854312e+01
-1.585301193415940624e+01
-1.630425104847696716e+01
-1.676143400040752240e+01
-1.722475459833144029e+01
-1.769439816921122954e+01
-1.817054077784121446e+01
-1.865334838762741043e+01
-1.914297596045822303e+01
-1.963956649335511173e+01
-2.014324998976261938e+01
-2.065414236355476163e+01
-2.117234427410592446e+01
-2.169793989110529608e+01
-2.223099558819168564e+01
-2.277155856495686237e+01
-2.331965539741804605e+01
-2.387529051770086852e+01
-2.443844462441050425e+01
-2.500907302600776561e+01
-2.558710392045544779e+01
-2.617243661546427802e+01
-2.676493969485246183e+01
-2.736444913784207955e+01
-2.797076639955172794e+01
-2.858365646250817349e+01
-2.920284587068825033e+01
-2.982802075941067343e+01
-3.045882489631729229e+01
-3.109485775070200475e+01
-3.173567261054585131e+01
-3.238077476877638361e+01
-3.302961980246027451e+01
-3.368161197082600467e+01
-3.433610276015791385e+01
-3.499238960565587320e+01
-3.564971482226267341e+01
-3.630726477816180875e+01
-3.696416934607465521e+01
-3.761950166856425426e+01
-3.827227827420468742e+01
-3.892145958161872699e+01
-3.956595082793875662e+01
-4.020460345712401562e+01
-4.083621700169181423e+01
-4.145954148871850720e+01
-4.207328039737490144e+01
-4.267609419073075117e+01
-4.326660443906371256e+01
-4.384339854542854198e+01
-4.440503507680054440e+01
-4.495004969574750930e+01
-4.547696167838615366e+01
-4.598428099445509076e+01
-4.647051591483624833e+01
-4.693418110096566664e+01
-4.737380611951284948e+01
-4.778794431472613269e+01
-4.817518196021730148e+01
-4.853414760198822364e+01
-4.886352149549284718e+01
-4.916204503178725105e+01
-4.942853004164558683e+01
-4.966186786218526095e+01
-4.986103804828957209e+01
-5.002511661113339159e+01
-5.015328366854083697e+01
-5.024483039680264795e+01
-5.029916518094707101e+01
-5.031581887020898591e+01
-5.029444905741394933e+01
-5.023484331494842792e+01
-5.013692133561552566e+01
-5.000073594360834051e+01
-4.982647295865326242e+01
-4.961444991463313414e+01
-4.936511365222912673e+01
-4.907903682285462565e+01
-4.875691335794805070e+01
-4.839955297313149885e+01
-4.800787479046663009e+01
-4.758290017374653758e+01
-4.712574488122302796e+01
-4.663761064722897487e+01
-4.611977630874012135e+01
-4.557358859503395365e+01
-4.500045269831973371e+01
-4.440182274067701940e+01
-4.377919224804795562e+01
-4.313408473562612500e+01
-4.246804450104946227e+01
-4.178262771263619868e+01
-4.107939386980945073e+01
-4.035989770214442274e+01
-3.962568156243765571e+01
-3.887826835811426918e+01
-3.811915505440563123e+01
-3.734980677226137402e+01
-3.657165149408864124e+01
-3.578607538128251520e+01
-3.499441869923409598e+01
-3.419797233815163651e+01
-3.339797491164682697e+01
-3.259561040963696854e+01
-3.179200637768126469e+01
-3.098823259137232711e+01
-3.018530019179156554e+01
-2.938416124624421855e+01
-2.858570869744341181e+01
-2.779077666393187229e+01
-2.700014105473251291e+01
-2.621452046192113983e+01
-2.543457729593471939e+01
-2.466091912988905577e+01
-2.389410022090712360e+01
-2.313462317838706284e+01
-2.238294075120574078e+01
-2.163945770800680179e+01
-2.090453278691396477e+01
-2.017848069320104898e+01
-1.946157412560669187e+01
-1.875404581407593341e+01
-1.805609055372169891e+01
-1.736786722170948849e+01
-1.668950076556646422e+01
-1.602108415309334788e+01
-1.536268027560936744e+01
-1.471432379768498855e+01
-1.407602294781507801e+01
-1.344776124565886555e+01
-1.282949916252663769e+01
-1.222117571273196113e+01
-1.162270997425835439e+01
-1.103400253791760122e+01
-1.045493688481034944e+01
-9.885380692445739470e+00
-9.325187070342698448e+00
-8.774195726328596123e+00
-8.232234065078225527e+00
-7.699118220704117554e+00
-7.174654025424699100e+00
-6.658637916505537824e+00
-6.150857783796642053e+00
-5.651093760280722300e+00
-5.159118958108203756e+00
-4.674700152629034378e+00
-4.197598416942936339e+00
-3.727569709482346116e+00
-3.264365417119031498e+00
-2.807732856249280040e+00
-2.357415734266107066e+00
-1.913154573772493983e+00
-1.474687101829209146e+00
-1.041748606466086358e+00
-6.140722626182831823e-01
-1.913894295803485190e-01
2.265700779979289425e-01
6.400777436179295732e-01
1.049406125051235650e+00
1.454828651245536841e+00
1.856619438252495868e+00
2.255053122469919291e+00
2.650404709543818793e+00
3.042949437324804496e+00
3.432962651317434499e+00
3.820719691100370685e+00
4.206495786229311307e+00
4.590565960163468517e+00
4.973204940779750949e+00
5.354687076056680262e+00
5.735286253522322575e+00
6.115275822067168576e+00
6.494928514723822488e+00
6.874516371010650495e+00
7.254310657426104036e+00
7.634581784664422166e+00
8.015599220101705669e+00
8.397631394074217326e+00
8.780945598438131938e+00
9.165807875861990084e+00
9.552482898260103994e+00
9.941233832727050412e+00
1.033232219328068879e+01
1.072600767666395605e+01
1.112254798039448822e+01
1.152219860118626116e+01
1.192521261179951608e+01
1.233184041430476086e+01
1.274232946767446784e+01
1.315692398754288028e+01
1.357586461590128124e+01
1.399938805842421630e+01
1.442772668705275052e+01
1.486110810539559068e+01
1.529975467444940662e+01
1.574388299608794384e+01
1.619370335172792608e+01
1.664941909355065164e+01
1.711122598564458741e+01
1.757931149243935565e+01
1.805385401182875071e+01
1.853502205043390205e+01
1.902297333854155781e+01
1.951785388237172114e+01
2.001979695148834892e+01
2.052892199937238615e+01
2.104533351543390296e+01
2.156911980705581300e+01
2.210035171064253490e+01
2.263908123109963100e+01
2.318534010970248360e+01
2.373913832093066745e+01
2.430046249955691806e+01
2.486927430009309958e+01
2.544550869161684759e+01
2.602907219203786227e+01
2.661984104701764764e+01
2.721765936003518860e+01
2.782233718149605650e+01
2.843364856631493254e+01
2.905132961105983824e+01
2.967507648352619398e+01
3.030454345950255046e+01
3.093934098348578488e+01
3.157903377218588759e+01
3.222313898180782843e+01
3.287112446228426421e+01
3.352240712382490528e+01
3.417635144330746755e+01
3.483226814011518258e+01
3.548941305297450555e+01
3.614698625110374053e+01
3.680413141448294567e+01
3.745993551922585141e+01
3.811342886479739178e+01
3.876358548009597627e+01
3.940932394512354620e+01
4.004950866401652831e+01
4.068295162352607974e+01
4.130841466854185740e+01
4.192461232288431461e+01
4.253021517929317952e+01
4.312385387727841390e+01
4.370412368125894886e+01
4.426958966420432517e+01
4.481879249385227126e+01
4.535025480957261834e+01
4.586248816818824281e+01
4.635400052668857285e+01
4.682330421895633066e+01
4.726892437258618429e+01
4.768940770084795133e+01
4.808333159410907598e+01
4.844931342487294756e+01
4.878601997131771384e+01
4.909217685614193272e+01
4.936657789094074644e+01
4.960809421152931975e+01
4.981568308684866508e+01
4.998839628353729836e+01
5.012538787008038810e+01
5.022592134874063419e+01
5.028937601024473736e+01
5.031525241538064819e+01
5.030317691911060507e+01
5.025290516630203541e+01
5.016432450343045701e+01
5.003745526726007142e+01
4.987245092915198796e+01
4.966959709184381211e+01
4.942930935382329238e+01
4.915213007431609071e+01
4.883872408897008199e+01
4.848987344212435602e+01
4.810647121572387164e+01
4.768951454716403759e+01
4.724009693837488300e+01
4.675939996610984650e+01
4.624868450859532487e+01
4.570928160640799831e+01
4.514258307573770423e+01
4.455003199018920412e+01
4.393311314316473926e+01
4.329334359688312617e+01
4.263226341650306495e+01
4.195142667892161370e+01
4.125239283592294726e+01
4.053671850076327843e+01
3.980594971629624013e+01
3.906161475164713437e+01
3.830521746349132428e+01
3.753823124740389972e+01
3.676209359471668137e+01
3.597820126099697546e+01
3.518790604376949460e+01
3.439251115952085058e+01
3.359326820340438502e+01
3.279137466942278678e+01
3.198797200419935649e+01
3.118414416372802478e+01
3.038091663966929801e+01
2.957925591977333468e+01
2.878006934579010334e+01
2.798420533169114321e+01
2.719245390509549054e+01
2.640554753538032884e+01
2.562416221298241581e+01
2.484891874578078230e+01
2.408038424011994749e+01
2.331907373591762678e+01
2.256545196733907588e+01
2.181993522265691610e+01
2.108289327910143740e+01
2.035465139070086593e+01
1.963549230927858602e+01
1.892565832088585864e+01
1.822535328198161153e+01
1.753474464160683510e+01
1.685396543762734467e+01
1.618311625682588328e+01
1.552226715020717762e+01
1.487145949633512743e+01
1.423070780684995285e+01
1.360000146951676570e+01
1.297930642523942879e+01
1.236856677643991986e+01
1.176770632505937186e+01
1.117663003918944220e+01
1.059522544799861876e+01
1.002336396518466266e+01
9.460902141669306431e+00
8.907682848661355735e+00
8.363536392557117338e+00
7.828281563428877377e+00
7.301726619079952130e+00
6.783670206824394810e+00
6.273902225286687617e+00
5.772204628616944611e+00
5.278352175585200534e+00
4.792113126058685779e+00
4.313249887382825776e+00
3.841519613183561610e+00
3.376674757088959034e+00
2.918463583834838282e+00
2.466630640175015987e+00
2.020917187964073491e+00
1.581061601721390097e+00
1.146799732921387704e+00
7.178652431881032969e-01
2.939899085037169790e-01
-1.250961035282426026e-01
-5.396639813926036311e-01
-9.499860404395594760e-01
-1.356335514887915261e+00
-1.758986369275139960e+00
-2.158213127632964579e+00
-2.554290718721524467e+00
-2.947494335704996082e+00
-3.338099308697030754e+00
-3.726380988644735659e+00
-4.112614641055338360e+00
-4.497075348099780712e+00
-4.880037917652201074e+00
-5.261776797843489284e+00
-5.642565995720743466e+00
-6.022678998612431833e+00
-6.402388696801457613e+00
-6.781967306104906612e+00
-7.161686288950298795e+00
-7.541816272523445441e+00
-7.922626962542712370e+00
-8.304387051188683699e+00
-8.687364117686867004e+00
-9.071824520004469150e+00
-9.458033276080415774e+00
-9.846253932960921773e+00
-1.023674842216134451e+01
-1.062977689951886795e+01
-1.102559756774035904e+01
-1.142446647978571050e+01
-1.182663732115973332e+01
-1.223236116911579430e+01
-1.264188622670249451e+01
-1.305545752951171501e+01
-1.347331662291313492e+01
-1.389570120748800441e+01
-1.432284475030492565e+01
-1.475497605961388103e+01
-1.519231882047369631e+01
-1.563509108877436127e+01
-1.608350474107122707e+01
-1.653776487761580327e+01
-1.699806917595018874e+01
-1.746460719243233584e+01
-1.793755960908097791e+01
-1.841709742317553733e+01
-1.890338107712260651e+01
-1.939655952621057367e+01
-1.989676924202319341e+01
-2.040413314947677748e+01
-2.091875949568976978e+01
-2.144074064919460199e+01
-2.197015182836587144e+01
-2.250704975837352961e+01
-2.305147125648177919e+01
-2.360343174611109518e+01
-2.416292370076958562e+01
-2.472991501974818007e+01
-2.530434733836829153e+01
-2.588613427657779198e+01
-2.647515963081628243e+01
-2.707127551531879917e+01
-2.767430046040122349e+01
-2.828401747677198941e+01
-2.890017209654277508e+01
-2.952247040336147421e+01
-3.015057706595768394e+01
-3.078411339136328095e+01
-3.142265541613362956e+01
-3.206573205602871468e+01
-3.271282333679311449e+01
-3.336335873086758141e+01
-3.401671562703624119e+01
-3.467221796211730833e+01
-3.532913504579110509e+01
-3.598668061146877761e+01
-3.664401212767415927e+01
-3.730023040566847925e+01
-3.795437953991754654e+01
-3.860544721840267357e+01
-3.925236543962783742e+01
-3.989401167239238788e+01
-4.052921049290038269e+01
-4.115673573148713160e+01
-4.177531315809319779e+01
-4.238362373154890150e+01
-4.298030743270842180e+01
-4.356396769547058057e+01
-4.413317644274688689e+01
-4.468647972651772449e+01
-4.522240396231590864e+01
-4.573946273889067982e+01
-4.623616417356465291e+01
-4.671101877307084038e+01
-4.716254774864852095e+01
-4.758929172312298306e+01
-4.798981975685968848e+01
-4.836273860915609646e+01
-4.870670214211772020e+01
-4.902042076566785056e+01
-4.930267081536587170e+01
-4.955230374944499516e+01
-4.976825504818417301e+01
-4.994955269761733518e+01
-5.009532514082088994e+01
-5.020480858370809329e+01
-5.027735354842754134e+01
-5.031243057606683777e+01
-5.030963499127658878e+01
-5.026869065445220741e+01
-5.018945264196579359e+01
-5.007190881128646254e+01
-4.991618022526947129e+01
-4.972252042799657801e+01
-4.949131358285141147e+01
-4.922307150154686184e+01
-4.891842961012746827e+01
-4.857814191411880955e+01
-4.820307503959821815e+01
-4.779420143968557966e+01
-4.735259186653291152e+01
-4.687940721713633963e+01
-4.637588986709030081e+01
-4.584335460971681897e+01
-4.528317931887404058e+01
-4.469679545228839146e+01
-4.408567850863701665e+01
-4.345133854605423096e+01
-4.279531086251157745e+01
-4.211914692991572196e+01
-4.142440566408696156e+01
-4.071264510233363154e+01
-3.998541454942436957e+01
-3.924424724166823353e+01
-3.849065356780224789e+01
-3.772611487469050928e+01
-3.695207787565598778e+01
-3.616994966975968140e+01
-3.538109337163766099e+01
-3.458682434369669068e+01
-3.378840701561024673e+01
-3.298705227017718755e+01
-3.218391536970290190e+01
-3.138009439311526450e+01
-3.057662915099113121e+01
-2.977450054348537378e+01
-2.897463032475375755e+01
-2.817788123676591994e+01
-2.738505747533337598e+01
-2.659690545164618669e+01
-2.581411481353846327e+01
-2.503731969200656948e+01
-2.426710014011016270e+01
-2.350398373322401113e+01
-2.274844730161484918e+01
-2.200091876843488592e+01
-2.126177906840171161e+01
-2.053136412463042504e+01
-1.980996686326059120e+01
-1.909783924764833074e+01
-1.839519431594780841e+01
-1.770220820786731153e+01
-1.701902216823921421e+01
-1.634574451677987739e+01
-1.568245257502895385e+01
-1.502919454294412205e+01
-1.438599131898684824e+01
-1.375283825876848098e+01
-1.312970686843763346e+01
-1.251654642998385292e+01
-1.191328555651487342e+01
-1.131983367634188653e+01
-1.073608244538594292e+01
-1.016190708800646192e+01
-9.597167666856845969e+00
-9.041710282799915177e+00
-8.495368206274351408e+00
-7.957962941799411993e+00
-7.429305227545583534e+00
-6.909195972089577253e+00
-6.397427130619158575e+00
-5.893782522962054848e+00
-5.398038595888634106e+00
-4.909965132184760606e+00
-4.429325909013408946e+00
-3.955879308085070267e+00
-3.489378880141040362e+00
-3.029573866223544076e+00
-2.576209678164913530e+00
-2.129028340677253439e+00
-1.687768897366241694e+00
-1.252167782929920481e+00
-8.219591637370688986e-01
-3.968752489115773829e-01
2.335342601967842907e-02
4.389977409265042874e-01
8.503297564008824860e-01
1.257622500751740091e+00
1.661149776874832895e+00
2.061185987262645902e+00
2.458005975474463867e+00
2.851884882437803803e+00
3.243098015998886030e+00
3.631920732181505240e+00
4.018628326650280691e+00
4.403495934905691023e+00
4.786798439764324620e+00
5.168810384698364402e+00
5.549805891623308618e+00
5.930058581732334133e+00
6.309841497979411962e+00
6.689427027811336579e+00
7.069086824741179775e+00
7.449091727342383784e+00
7.829711674223764462e+00
8.211215613521204659e+00
8.593871405411826814e+00
8.977945716121091380e+00
9.363703901852646894e+00
9.751409881025143278e+00
1.014132599314970840e+01
1.053371284262675545e+01
1.092882912568148512e+01
1.132693143859433427e+01
1.172827406531609640e+01
1.213310874248814208e+01
1.254168439981671668e+01
1.295424687367749073e+01
1.337103859175324416e+01
1.379229822643501358e+01
1.421826031464617657e+01
1.464915484168155757e+01
1.508520678659101222e+01
1.552663562658122487e+01
1.597365479786259179e+01
1.642647111033250695e+01
1.688528411346490188e+01
1.735028541077135600e+01
1.782165792021517703e+01
1.829957507799990779e+01
1.878419998322226903e+01
1.927568448098092091e+01
1.977416818167156976e+01
2.027977741438138892e+01
2.079262411252708631e+01
2.131280463016742388e+01
2.184039848776935600e+01
2.237546704662356944e+01
2.291805211159783440e+01
2.346817446249182382e+01
2.402583231492291205e+01
2.459099971243562877e+01
2.516362485239536539e+01
2.574362834920587417e+01
2.633090143948610873e+01
2.692530413505970088e+01
2.752666333095366369e+01
2.813477087707315505e+01
2.874938162381655360e+01
2.937021145361634211e+01
2.999693531223074316e+01
3.062918525555878446e+01
3.126654852979403643e+01
3.190856570485094679e+01
3.255472888316852931e+01
3.320448000819008882e+01
3.385720929899785858e+01
3.451225383970655258e+01
3.516889635423920879e+01
3.582636419896735447e+01
3.648382860733107691e+01
3.714040422189528101e+01
3.779514895026934340e+01
3.844706418184134833e+01
3.909509540227077906e+01
3.973813324206289366e+01
4.037501499423127171e+01
4.100452663396436748e+01
4.162540537027686582e+01
4.223634275578744024e+01
4.283598837597653386e+01
4.342295413351474309e+01
4.399581913651202569e+01
4.455313519184336002e+01
4.509343289611251038e+01
4.561522830740994294e+01
4.611703017092569468e+01
4.659734766085333035e+01
4.705469859006144162e+01
4.748761802794272313e+01
4.789466725593715068e+01
4.827444297974711418e+01
4.862558670751996459e+01
4.894679419457465031e+01
4.923682484790063540e+01
4.949451097795117960e+01
4.971876678145537198e+01
4.990859693731177060e+01
5.006310469827982956e+01
5.018149936426978996e+01
5.026310302859711499e+01
5.030735649658578978e+01
5.031382428627161119e+01
5.028219863348765273e+01
5.021230243805122484e+01
5.010409110378870423e+01
4.995765324234844940e+01
4.977321022873486100e+01
4.955111461479257429e+01
4.929184742501125527e+01
4.899601437654591507e+01
4.866434108181612572e+01
4.829766730706017341e+01
4.789694037342948718e+01
4.746320779833193626e+01
4.699760928356037937e+01
4.650136816314202548e+01
4.597578242776175017e+01
4.542221544407114209e+01
4.484208648629027039e+01
4.423686119439818754e+01
4.360804206810444583e+01
4.295715909895116624e+01
4.228576063459864542e+01
4.159540455990008923e+01
4.088764986908182664e+01
4.016404869251868348e+01
3.942613883052054291e+01
3.867543683549326516e+01
3.791343167304529516e+01
3.714157898228675947e+01
3.636129594588376790e+01
3.557395677152074853e+01
3.478088877838945336e+01
3.398336907522903516e+01
3.318262181032208957e+01
3.237981596871252066e+01
3.157606368773395289e+01
3.077241905868373095e+01
2.996987738009175217e+01
2.916937482644891233e+01
2.837178849540016756e+01
2.757793679619155114e+01
2.678858014250519659e+01
2.600442191363890387e+01
2.522610964920558985e+01
2.445423644406725572e+01
2.368934251200548502e+01
2.293191688860138910e+01
2.218239924589292755e+01
2.144118179354521203e+01
2.070861124346468429e+01
1.998499081697262270e+01
1.927058227579547278e+01
1.856560796020346871e+01
1.787025281961410528e+01
1.718466642285819290e+01
1.650896493707236345e+01
1.584323306582573743e+01
1.518752593860616251e+01
1.454187094518178114e+01
1.390626950961795316e+01
1.328069879987046065e+01
1.266511336989822922e+01
1.205944673214770546e+01
1.146361285906319694e+01
1.087750761297952273e+01
1.030101010436261610e+01
9.733983978887509991e+00
9.176278634288825842e+00
8.627730368293526908e+00
8.088163459256467291e+00
7.557391181372514311e+00
7.035216756541470495e+00
6.521434245119100304e+00
6.015829377905295594e+00
5.518180331803452354e+00
5.028258451638525806e+00
4.545828920648969707e+00
4.070651382173964272e+00
3.602480515045352050e+00
3.141066565166717339e+00
2.686155835722956908e+00
2.237491138414851921e+00
1.794812208056926650e+00
1.357856082815120491e+00
9.263574522952602308e-01
5.000489756254763440e-01
7.866157160686984562e-02
-3.380753170619857917e-01
-7.504334835487678212e-01
-1.158685738767143647e+00
-1.563105713563441856e+00
-1.963967679461094962e+00
-2.361546386269913089e+00
-2.756116914919337191e+00
-3.147954543922463877e+00
-3.537334627920484031e+00
-3.924532486795073272e+00
-4.309823303868962618e+00
-4.693482031742276739e+00
-5.075783304334156476e+00
-5.457001353715514647e+00
-5.827969881326896306e+00
