-4.383880500409762959e+01
-4.417802117690412445e+01
-4.454418965685185583e+01
-4.493750707509477849e+01
-4.535816109526374618e+01
-4.580632989422245771e+01
-4.628218149069127918e+01
-4.678587291712904062e+01
-4.731754922969440713e+01
-4.787734235054929854e+01
-4.846536973622161781e+01
-4.908173286521714118e+01
-4.972651553756679732e+01
-5.039978197852168051e+01
-5.110157473817162099e+01
-5.183191237837219489e+01
-5.259078693802960913e+01
-5.337816116752443918e+01
-5.419396552286623603e+01
-5.503809491007596932e+01
-5.591040517030963741e+01
-5.681070929638117661e+01
-5.773877337163816037e+01
-5.869431222261204795e+01
-5.967698477753154407e+01
-6.068638912368157889e+01
-6.172205725774158225e+01
-6.278344952467929829e+01
-6.386994874254587273e+01
-6.498085401265385030e+01
-6.611537421716198537e+01
-6.727262120908429210e+01
-6.845160270322888607e+01
-6.965121488060263744e+01
-7.087023472343625485e+01
-7.210731210323794471e+01
-7.336096165021777438e+01
-7.462955443907972608e+01
-7.591130953359372313e+01
-7.720428544056500186e+01
-7.850637153283574321e+01
-7.981527951079456784e+01
-8.112853498252850670e+01
-8.244346925420786931e+01
-8.375721143450198269e+01
-8.506668096971283433e+01
-8.636858073978336847e+01
-8.765939085924985363e+01
-8.893536334138742916e+01
-9.019251779802146984e+01
-9.142663836147305290e+01
-9.263327202854809173e+01
-9.380772863898356206e+01
-9.494508271188567505e+01
-9.604017737293098378e+01
-9.708763061188665233e+01
-9.808184411372087652e+01
-9.901701490654760107e+01
-9.988715006517098516e+01
-1.006860846993274379e+02
-1.014075034401225537e+02
-1.020449656158958760e+02
-1.025919342791332554e+02
-1.030418092084734525e+02
-1.033879639638266354e+02
-1.036237870177977385e+02
-1.037427269228478366e+02
-1.037383414010409979e+02
-1.036043501622154821e+02
-1.033346911677297584e+02
-1.029235799616834441e+02
-1.023655715912301218e+02
-1.016556245342329703e+02
-1.007891659484465379e+02
-9.976215745442780758e+01
-9.857116056764834866e+01
-9.721340080726169219e+01
-9.568682943336109759e+01
-9.399018170511980941e+01
-9.212303051267876697e+01
-9.008583421956517157e+01
-8.787997756293655982e+01
-8.550780449862686794e+01
-8.297264194864300180e+01
-8.027881351132081988e+01
-7.743164232861623475e+01
-7.443744246961830413e+01
-7.130349838171291310e+01
-6.803803217703057271e+01
-6.465015875681439184e+01
-6.114982902400970488e+01
-5.754776168768415090e+01
-5.385536441419310449e+01
-5.008464532133407232e+01
-4.624811603512470981e+01
-4.235868772669657289e+01
-3.842956171224555106e+01
-3.447411632619390076e+01
-3.050579186220401695e+01
-2.653797541550227024e+01
-2.258388745188123181e+01
-1.865647187426603537e+01
-1.476829125909364215e+01
-1.093142879580212856e+01
-7.157398288703284095e+00
-3.457063377792906511e+00
1.594330891616944912e-01
3.682728838951366157e+00
7.104290659413998732e+00
1.041645138229000267e+01
1.361243538845360490e+01
1.668637288036121546e+01
1.963330336509126539e+01
2.244916896537198525e+01
2.513079832248277867e+01
2.767588197205195399e+01
3.008294016089508816e+01
3.235128413054432173e+01
3.448097192234114061e+01
3.647275976200921122e+01
3.832805006119920677e+01
4.004883703273816309e+01
4.163765085861422222e+01
4.309750127857085289e+01
4.443182138602163889e+01
4.564441233011632448e+01
4.673938953122937789e+01
4.772113092462508632e+01
4.859422765593442506e+01
4.936343756433095109e+01
5.003364170649788889e+01
5.060980409783986289e+01
5.109693477776035309e+01
5.150005624372676749e+01
5.182417324452364227e+01
5.207424587655210502e+01
5.225516588807345641e+01
5.237173606455971253e+01
5.242865254332946989e+01
5.243048988685304579e+01
5.238168873089497879e+01
5.228654581538576451e+01
5.214920620193633027e+01
5.197365748160086696e+01
5.176372577925755536e+01
5.152307336625115397e+01
5.125519770021270460e+01
5.096343171977432007e+01
5.065094523181810615e+01
5.032074723957688178e+01
4.997568907102924385e+01
4.961846817834023682e+01
4.925163249037247226e+01
4.887758521135410206e+01
4.849858996949831180e+01
4.811677622961579459e+01
4.773414489346755829e+01
4.735257402071471944e+01
4.697382461180074387e+01
4.659954640193221564e+01
4.623128362250492529e+01
4.587048069286040430e+01
4.551848781117288212e+01
4.517656641858172151e+01
4.484589451543026684e+01
4.452757181268107445e+01
4.422262470528549017e+01
4.393201105752890356e+01
4.365662479318825007e+01
4.339730028576136078e+01
4.315481654609454409e+01
4.292990120647784380e+01
4.272323430172983905e+01
4.253545184898514009e+01
4.236714922885581558e+01
4.221888437138937178e+01
4.209118075081372012e+01
4.198453019346611370e+01
4.189939550356771747e+01
4.183621291164628531e+01
4.179539435044196694e+01
4.177732956307053058e+01
4.178238804807592288e+01
4.181092084579213264e+01
4.186326217016215878e+01
4.193973088983793218e+01
4.204063186201749858e+01
4.216625712206983678e+01
4.231688693156053915e+01
4.249279068682636762e+01
4.269422768975889682e+01
4.292144778194959542e+01
4.317469184282440864e+01
4.345419215185767570e+01
4.376017261440505735e+01
4.409284885013569522e+01
4.445242814247642826e+01
4.483910924690809452e+01
4.525308205537679385e+01
4.569452711350430718e+01
4.616361498670331542e+01
4.666050547072708810e+01
4.718534664161319370e+01
4.773827373941878704e+01
4.831940787959631933e+01
4.892885458532599330e+01
4.956670213361162780e+01
5.023301970746455680e+01
5.092785534605400244e+01
5.165123368429937756e+01
5.240315347302998816e+01
5.318358487055186856e+01
5.399246649625151662e+01
5.482970223674741561e+01
5.569515779508728315e+01
5.658865697360093350e+01
5.750997768127533760e+01
5.845884765694200524e+01
5.943493990018306761e+01
6.043786780269796566e+01
6.146717997395839461e+01
6.252235475634728346e+01
6.360279442666393379e+01
6.470781908292032369e+01
6.583666021779295363e+01
6.698845398297387987e+01
6.816223415202793490e+01
6.935692479325733473e+01
7.057133266854513920e+01
7.180413937924447509e+01
7.305389328594364429e+01
7.431900123541312553e+01
7.559772013526738021e+01
7.688814842488399393e+01
7.818821749994128822e+01
7.949568315757493053e+01
8.080811713961492160e+01
8.212289886262935568e+01
8.343720743553069497e+01
8.474801407823146349e+01
8.605207506817563967e+01
8.734592535539144365e+01
8.862587300084408071e+01
8.988799460710366418e+01
9.112813192442196453e+01
9.234188982892160880e+01
9.352463588237235115e+01
9.467150169453121578e+01
9.577738631876948716e+01
9.683696191914678764e+01
9.784468195161613835e+01
9.879479210299349745e+01
9.968134422799859351e+01
1.004982135163405559e+02
1.012391191077355330e+02
1.018976483521691705e+02
1.024672848849553901e+02
1.029414406505603665e+02
1.033134919652318331e+02
1.035768196558143046e+02
1.037248532505496996e+02
1.037511191272035234e+02
1.036492924448468500e+02
1.034132525987203195e+02
1.030371418438302982e+02
1.025154266337084437e+02
1.018429611179476666e+02
1.010150521379891302e+02
1.000275249578682377e+02
9.887678886830664737e+01
9.755990171206320838e+01
9.607463229946765182e+01
9.441951961932583970e+01
9.259392770566654463e+01
9.059809499869467686e+01
8.843317704208146779e+01
8.610128139109276901e+01
8.360549366905289048e+01
8.094989380440121352e+01
7.813956160721448896e+01
7.518057100147439087e+01
7.207997241524965659e+01
6.884576304177261363e+01
6.548684491533681751e+01
6.201297099113826050e+01
5.843467967079954661e+01
5.476321846783876879e+01
5.101045775184586972e+01
4.718879573861352839e+01
4.331105609821896252e+01
3.939037972698491075e+01
3.544011236625274819e+01
3.147368984613612852e+01
2.750452278255552585e+01
2.354588255921979822e+01
1.961079038290621313e+01
1.571191111222242220e+01
1.186145343047673961e+01
8.071077767260172564e+00
4.351813176982373577e+00
7.139841629341657780e-01
-2.832851799936105142e+00
-6.279955533640274368e+00
-9.619445950798224843e+00
-1.284432834348070429e+01
-1.594851136042475304e+01
-1.892681306971388722e+01
-2.177495668433741827e+01
-2.448955668145805120e+01
-2.706809617061375306e+01
-2.950889646052065274e+01
-3.181107983878019141e+01
-3.397452661474375901e+01
-3.599982748498467089e+01
-3.788823226584818826e+01
-3.964159600144304818e+01
-4.126232340154606248e+01
-4.275331249569340031e+01
-4.411789831069759771e+01
-4.535979729229549662e+01
-4.648305310070604435e+01
-4.749198431736152770e+01
-4.839113450841912822e+01
-4.918522500192971592e+01
-4.987911065141286571e+01
-5.047773878035621919e+01
-5.098611143075665098e+01
-5.140925097485219197e+01
-5.175216909296766232e+01
-5.201983907196919432e+01
-5.221717133804176569e+01
-5.234899210404719128e+01
-5.242002498513873121e+01
-5.243487541606006630e+01
-5.239801768903856782e+01
-5.231378442176189481e+01
-5.218635825995937694e+01
-5.201976561796347198e+01
-5.181787226269477742e+01
-5.158438055122599053e+01
-5.132282813890925155e+01
-5.103658798352085313e+01
-5.072886948056095235e+01
-5.040272057537045924e+01
-5.006103070876928030e+01
-4.970653446420587329e+01
-4.934181579570795861e+01
-4.896931272705192839e+01
-4.859132242337386032e+01
-4.821000654681292019e+01
-4.782739681762151207e+01
-4.744540071143518389e+01
-4.706580723203005334e+01
-4.669029270688493938e+01
-4.632042656020399818e+01
-4.595767702474935845e+01
-4.560341675989805310e+01
-4.525892834879622484e+01
-4.492540965236541695e+01
-4.460397900225216716e+01
-4.429568021863935456e+01
-4.400148744219065833e+01
-4.372230977231586735e+01
-4.345899570646026433e+01
-4.321233737727147428e+01
-4.298307458631643385e+01
-4.277189863454142937e+01
-4.257945595092034097e+01
-4.240635152174895239e+01
-4.225315212384241903e+01
-4.212038936550359125e+01
-4.200856253957395126e+01
-4.191814129317624804e+01
-4.184956811892755724e+01
-4.180326067245910338e+01
-4.177961392103968308e+01
-4.177900212797635504e+01
-4.180178067726983926e+01
-4.184828774274378560e+01
-4.191884580555525730e+01
-4.201376302363578930e+01
-4.213333445621574214e+01
-4.227784314615427519e+01
-4.244756106233875670e+01
-4.264274990393460030e+01
-4.286366176776338222e+01
-4.311053967956650013e+01
-4.338361798937655323e+01
-4.368312263067126366e+01
-4.400927124242717525e+01
-4.436227315262517834e+01
-4.474232922118760314e+01
-4.514963153975099885e+01
-4.558436298509979423e+01
-4.604669662250740458e+01
-4.653679495465451765e+01
-4.705480901122237469e+01
-4.760087727369462840e+01
-4.817512442934902595e+01
-4.877765994788325088e+01
-4.940857647360342497e+01
-5.006794802561448421e+01
-5.075582799799598632e+01
-5.147224695153246188e+01
-5.221721018820376514e+01
-5.299069509933823241e+01
-5.379264827810178673e+01
-5.462298238685377783e+01
-5.548157276985976694e+01
-5.636825380193155155e+01
-5.728281496378360060e+01
-5.822499663527632663e+01
-5.919448559828299494e+01
-6.019091024169676274e+01
-6.121383546211596638e+01
-6.226275725504196146e+01
-6.333709699302928442e+01
-6.443619538917995726e+01
-6.555930614671288481e+01
-6.670558929810701443e+01
-6.787410424055835279e+01
-6.906380247825103424e+01
-7.027352008626859003e+01
-7.150196991590991047e+01
-7.274773356677115999e+01
-7.400925315725282871e+01
-7.528482293219207122e+01
-7.657258075413639631e+01
-7.787049953339442254e+01
-7.917637866143840597e+01
-8.048783552249439310e+01
-8.180229716922788441e+01
-8.311699226028018472e+01
-8.442894336997891003e+01
-8.573495979374668252e+01
-8.703163098644878914e+01
-8.831532078499478189e+01
-8.958216258074179450e+01
-9.082805562139151334e+01
-9.204866263582894703e+01
-9.323940898836303859e+01
-9.439548358068469724e+01
-9.551184173007931122e+01
-9.658321026048578517e+01
-9.760409504828645311e+01
-9.856879126659650581e+01
-9.947139656960428056e+01
-1.003058274514689714e+02
-1.010658390016677117e+02
-1.017450482597573966e+02
-1.023369613465687138e+02
-1.028350045152278653e+02
-1.032325592235481793e+02
-1.035230012788291845e+02
-1.036997440466999620e+02
-1.037562856473304009e+02
-1.036862599853614029e+02
-1.034834913748455278e+02
-1.031420524282738711e+02
-1.026563247807184212e+02
-1.020210621179851245e+02
-1.012314548736239175e+02
-1.002831958562707513e+02
-9.917254596909006636e+01
-9.789639909037104815e+01
-9.645234510219714252e+01
-9.483872998630525331e+01
-9.305471185655518696e+01
-9.110031176949553355e+01
-8.897645815169580885e+01
-8.668502370769435572e+01
-8.422885372780089597e+01
-8.161178480195727047e+01
-7.883865306476180024e+01
-7.591529124682745078e+01
-7.284851398687014523e+01
-6.964609106405409022e+01
-6.631670843666239534e+01
-6.286991721547933309e+01
-5.931607095175020561e+01
-5.566625187284993359e+01
-5.193218694598850504e+01
-4.812615488339847758e+01
-4.426088541366858919e+01
-4.034945232593812392e+01
-3.640516194017335039e+01
-3.244143876253396286e+01
-2.847171014618479390e+01
-2.450929179273416736e+01
-2.056727589744327389e+01
-1.665842366385848905e+01
-1.279506379365018631e+01
-8.988998399784895454e+00
-5.251417601573932892e+00
-1.592823845469997446e+00
1.977033236787890447e+00
5.449210863165740548e+00
8.815615704106880557e+00
1.206903496659707464e+01
1.520315609989570760e+01
1.821257547233464180e+01
2.109279655501178397e+01
2.384021830842145206e+01
2.645211459966511214e+01
2.892660557965571400e+01
3.126262202156295800e+01
3.345986366454059180e+01
3.551875262227974162e+01
3.744038290658122747e+01
3.922646708488360190e+01
4.087928104080953773e+01
4.240160774176047198e+01
4.379668084088235958e+01
4.506812885572295357e+01
4.621992057577480040e+01
4.725631225873021179e+01
4.818179708320303689e+01
4.900105723605917518e+01
4.971891892711428085e+01
5.034031054418904461e+01
5.087022408837931664e+01
5.131367996357855077e+01
5.167569513616246013e+01
5.196125463042374548e+01
5.217528628272300040e+01
5.232263864211709148e+01
5.240806187701581820e+01
5.243619152567880803e+01
5.241153491250771879e+01
5.233846004148447406e+01
5.222118677211173576e+01
5.206378008119162359e+01
5.187014521511699172e+01
5.164402454146743082e+01
5.138899591506098119e+01
5.110847238172344476e+01
5.080570305246109086e+01
5.048377499107399302e+01
5.014561596919001119e+01
4.979399795394868988e+01
4.943154120487938030e+01
4.906071886770301660e+01
4.868386196368248164e+01
4.830316468363024995e+01
4.792068990565991271e+01
4.753837486517367239e+01
4.715803691436749290e+01
4.678137931668328520e+01
4.640999702913468639e+01
4.604538243228278560e+01
4.568893097385441848e+01
4.534194669759951068e+01
4.500564763400372925e+01
4.468117103393878153e+01
4.436957843028085335e+01
4.407186051599281740e+01
4.378894183018523023e+01
4.352168524628113744e+01
4.327089625864566358e+01
4.303732706593823565e+01
4.282168045103568232e+01
4.262461345868918272e+01
4.244674087314654543e+01
4.228863849882061032e+01
4.215084624773853506e+01
4.203387103798984725e+01
4.193818950772229215e+01
4.186425054943375557e+01
4.181247766939198840e+01
4.178327117699688387e+01
4.177701020879609217e+01
4.179405459168528125e+01
4.183474654958062899e+01
4.189941225755113408e+01
4.198836324705146694e+01
4.210189766550794133e+01
4.224030139308769805e+01
4.240384901902898207e+01
4.259280467943339232e+01
4.280742275792216844e+01
4.304794845004222736e+01
4.331461819177578576e+01
4.360765995196274503e+01
4.392729338789001048e+01
4.427372986273801558e+01
4.464717232300435512e+01
4.504781503344921845e+01
4.547584316652899616e+01
4.593143224270575331e+01
4.641474741744241328e+01
4.692594261012045109e+01
4.746515946955023679e+01
4.803252617018866033e+01
4.862815603263754127e+01
4.925214596147491619e+01
4.990457469297481197e+01
5.058550084480673803e+01
5.129496075938067889e+01
5.203296613212654620e+01
5.279950141567837818e+01
5.359452099068506925e+01
5.441794609380411885e+01
5.526966149336841028e+01
5.614951190326443253e+01
5.705729812574396931e+01
5.799277291423047132e+01
5.895563654770029416e+01
5.994553210894410000e+01
6.096204045997338028e+01
6.200467490906342505e+01
6.307287556545041696e+01
6.416600337956471378e+01
6.528333386892295209e+01
6.642405053246110924e+01
6.758723795921230248e+01
6.877187464086230761e+01
6.997682550190006623e+01
7.120083416586437863e+01
7.244251498162070391e+01
7.370034483972506223e+01
7.497265481578813251e+01
7.625762168537708874e+01
7.755325936341461102e+01
7.885741033027220226e+01
8.016773711681729253e+01
8.148171393154896691e+01
8.279661852462062654e+01
8.410952439594665009e+01
8.541729346764654451e+01
8.671656935468331540e+01
8.800377138155720047e+01
8.927508950713041713e+01
9.052648033385015935e+01
9.175366439151837028e+01
9.295212489898598562e+01
9.411710821932823023e+01
9.524362623472460143e+01
9.632646087590264017e+01
9.736017104702850133e+01
9.833910218970410710e+01
9.925739872857994328e+01
1.001090196352922561e+02
1.008877573362455848e+02
1.015872601724410771e+02
1.022010585953775461e+02
1.027225952513566938e+02
1.031452590667225166e+02
1.034624233981986237e+02
1.036674882552669743e+02
1.037539265353785680e+02
1.037153341378850513e+02
1.035454837394213001e+02
1.032383819228907953e+02
1.027883292554364658e+02
1.021899828094580869e+02
1.014384205169322968e+02
1.005292066434934242e+02
9.945845756783903369e+01
9.822290695728172238e+01
9.681996934521427534e+01
9.524780104460829477e+01
9.350535727721273815e+01
9.159244436455493599e+01
8.950976581762002127e+01
8.725896118020708059e+01
8.484263652882349049e+01
8.226438561117134896e+01
7.952880071642277926e+01
7.664147251308405373e+01
7.360897826261823695e+01
7.043885801617909692e+01
6.713957862360857121e+01
6.372048562289755580e+01
6.019174332821111761e+01
5.656426368811963101e+01
5.284962473509222747e+01
4.905997968459229241e+01
4.520795795936938788e+01
4.130655960433077922e+01
3.736904471307536113e+01
3.340881960328868416e+01
2.943932155063579970e+01
2.547390391705499368e+01
2.152572348867970575e+01
1.760763177198298379e+01
1.373207188683247360e+01
9.910982546203655374e+00
6.155710429900263847e+00
2.476932050404261787e+00
-1.115414019715092575e+00
-4.612183929816747074e+00
-8.005073957964194520e+00
-1.128665439860458797e+01
-1.445039201765517944e+01
-1.749066137535978172e+01
-2.040274550959193078e+01
-2.318282663915392661e+01
-2.582796768535477838e+01
-2.833608551924310959e+01
-3.070591692095637981e+01
-3.293697828739016131e+01
-3.502952014634595201e+01
-3.698447753176893826e+01
-3.880341724847827578e+01
-4.048848300914213638e+01
-4.204233936459012000e+01
-4.346811527437730405e+01
-4.476934808123206011e+01
-4.594992856386524238e+01
-4.701404765054857648e+01
-4.796614528351283724e+01
-4.881086183382569033e+01
-4.955299237985212812e+01
-5.019744408115616352e+01
-5.074919680487644769e+01
-5.121326709396024768e+01
-5.159467550661743473e+01
-5.189841730413311893e+01
-5.212943641969886244e+01
-5.229260260394338644e+01
-5.239269161297310973e+01
-5.243436828146877104e+01
-5.242217230615023027e+01
-5.236050655309585267e+01
-5.225362769534393692e+01
-5.210563898427185592e+01
-5.192048495882342252e+01
-5.170194790014635089e+01
-5.145364584506131678e+01
-5.117903197951009986e+01
-5.088139524227189980e+01
-5.056386197939495020e+01
-5.022939850061737133e+01
-4.988081440024955526e+01
-4.952076651630913773e+01
-4.915176341293228290e+01
-4.877617028206395133e+01
-4.839621417102340928e+01
-4.801398945264975282e+01
-4.763146346428202094e+01
-4.725048225077124897e+01
-4.687277635502736217e+01
-4.649996660725970088e+01
-4.613356987107676588e+01
-4.577500471097962276e+01
-4.542559695153440202e+01
-4.508658510366846883e+01
-4.475912563813314193e+01
-4.444429809024670419e+01
-4.414310998361109029e+01
-4.385650156362032703e+01
-4.358535033428522354e+01
-4.333047539422280181e+01
-4.309264156963531178e+01
-4.287256334376588995e+01
-4.267090858369711270e+01
-4.248830206648474217e+01
-4.232532880751904258e+01
-4.218253719470592955e+01
-4.206044193258254893e+01
-4.195952680084855047e+01
-4.188024723202404687e+01
-4.182303271305536185e+01
-4.178828901569609400e+01
-4.177640026040687360e+01
-4.178773081835530689e+01
-4.182262705586849449e+01
-4.188141892540359379e+01
-4.196442140676563781e+01
-4.207193580192330273e+01
-4.220425088635849420e+01
-4.236164391944054586e+01
-4.254438151584407990e+01
-4.275272037953617144e+01
-4.298690790134575224e+01
-4.324718262060016372e+01
-4.353377455077177416e+01
-4.383880500409762959e+01
