2.865737060624414312e+02
2.860750163771075449e+02
2.855965969501716586e+02
2.851388383897838708e+02
2.847021744895990878e+02
2.842870827469299115e+02
2.838940849260378627e+02
2.835237476638412772e+02
2.831766831146206300e+02
2.828535496295567668e+02
2.825550524661396707e+02
2.822819445216262011e+02
2.820350270837956828e+02
2.818151505912484822e+02
2.816232153944039851e+02
2.814601725071738656e+02
2.813270243380075044e+02
2.812248253876223885e+02
2.811546828992330802e+02
2.811177574454755472e+02
2.811152634344816192e+02
2.811484695156855196e+02
2.812186988639397782e+02
2.813273293183748365e+02
2.814757933501623484e+02
2.816655778309277025e+02
2.818982235710185478e+02
2.821753245941736168e+02
2.824985271123622397e+02
2.828695281616998614e+02
2.832900738574052184e+02
2.837619572227814047e+02
2.842870155442071791e+02
2.848671272011625888e+02
2.855042079174313017e+02
2.862002063768841253e+02
2.869570991447255324e+02
2.877768848328607874e+02
2.886615774462109698e+02
2.896131988454786779e+02
2.906337702611733675e+02
2.917253027937758816e+02
2.928897868359231893e+02
2.941291803545801713e+02
2.954453959745349039e+02
2.968402868093938309e+02
2.983156309927734355e+02
2.998731148708055230e+02
3.015143148276074498e+02
3.032406777282417352e+02
3.050534999791082669e+02
3.069539052238783370e+02
3.089428207141604048e+02
3.110209524182242831e+02
3.131887589583908493e+02
3.154464244981442675e+02
3.177938307335980994e+02
3.202305281804986521e+02
3.227557069872271427e+02
3.253681675458866493e+02
3.280662912170046752e+02
3.308480115279654115e+02
3.337107862501513864e+02
3.366515708038937760e+02
3.396667934824835129e+02
3.427523330252915343e+02
3.459034991039310967e+02
3.491150163126587813e+02
3.523810122730485546e+02
3.556950104715069756e+02
3.590499284445414219e+02
3.624380819090330306e+02
3.658511954014254570e+02
3.692804199392871851e+02
3.727163581500466876e+02
3.761490972241745112e+02
3.795682499435950490e+02
3.829630039111681867e+02
3.863221789649363132e+02
3.896342926035051732e+02
3.928876330792380145e+02
3.960703396375254783e+02
3.991704891976302747e+02
4.021761885885523498e+02
4.050756712776054655e+02
4.078573973658829459e+02
4.105101554795956531e+02
4.130231650653553288e+02
4.153861775064133894e+02
4.175895744205573692e+02
4.196244614827658665e+02
4.214827561395895827e+02
4.231572676489365676e+02
4.246417679883142569e+02
4.259310523248312279e+02
4.270209879279888128e+02
4.279085506265638514e+02
4.285918481574310022e+02
4.290701300196076886e+02
4.293437837229582783e+02
4.294143175992457486e+02
4.292843306149007390e+02
4.289574698816355180e+02
4.284383767951963478e+02
4.277326229374663740e+02
4.268466370474009750e+02
4.257876244979699436e+02
4.245634808070134341e+02
4.231827007589158711e+02
4.216542847220139265e+02
4.199876437158465023e+02
4.181925047161099087e+02
4.162788175878895913e+02
4.142566649145049951e+02
4.121361758457162523e+02
4.099274449308699104e+02
4.076404567355328368e+02
4.052850168697370918e+02
4.028706898871279236e+02
4.004067443514865090e+02
3.979021052140037114e+02
3.953653135042826534e+02
3.928044932125658306e+02
3.902273251315845073e+02
3.876410273345092037e+02
3.850523418908910003e+02
3.824675273648621214e+02
3.798923565983814683e+02
3.773321192558066741e+02
3.747916285931225957e+02
3.722752319141682733e+02
3.697868241854983467e+02
3.673298642994006968e+02
3.649073934993959369e+02
3.625220555127003195e+02
3.601761179681714680e+02
3.578714947148594661e+02
3.556097686942863447e+02
3.533922150579733739e+02
3.512198242596778641e+02
3.490933248886113347e+02
3.470132060450366680e+02
3.449797390926807452e+02
3.429929986530622159e+02
3.410528827349342578e+02
3.391591319174855244e+02
3.373113475287115079e+02
3.355090087805016310e+02
3.337514888395718913e+02
3.320380698285405288e+02
3.303679567643393966e+02
3.287402904519511253e+02
3.271541593603406568e+02
3.256086105145917600e+02
3.241026594438482107e+02
3.226352992288758514e+02
3.212055086960745030e+02
3.198122598067372451e+02
3.184545242914325058e+02
3.171312795797062449e+02
3.158415140749929719e+02
3.145842318237981772e+02
3.133584566269710763e+02
3.121632356393159284e+02
3.109976425019650605e+02
3.098607800499304972e+02
3.087517826351157169e+02
3.076698181028584145e+02
3.066140894578252869e+02
3.055838362528281209e+02
3.045783357319041897e+02
3.035969037568240196e+02
3.026388955440737618e+02
3.017037062373220238e+02
3.007907713384311705e+02
2.998995670182163167e+02
2.990296103263974601e+02
2.981804593185319163e+02
2.973517131161564748e+02
2.965430119149090160e+02
2.957540369540363940e+02
2.949845104594241434e+02
2.942341955711026458e+02
2.935028962650833932e+02
2.927904572783601225e+02
2.920967640449591727e+02
2.914217426500426313e+02
2.907653598082454209e+02
2.901276228716587298e+02
2.895085798721544847e+02
2.889083196020636137e+02
2.883269717365806741e+02
2.877647070006497643e+02
2.872217373824951210e+02
2.866983163953832445e+02
2.861947393886343889e+02
2.857113439083389608e+02
2.852485101076625824e+02
2.848066612060492844e+02
2.843862639960323122e+02
2.839878293957459618e+02
2.836119130445809446e+02
2.832591159387361586e+02
2.829300851026913506e+02
2.826255142918360548e+02
2.823461447206499884e+02
2.820927658099162159e+02
2.818662159454655125e+02
2.816673832398807917e+02
2.814972062874344942e+02
2.813566749012779269e+02
2.812468308205412768e+02
2.811687683735356700e+02
2.811236350816590743e+02
2.811126321868967466e+02
2.811370150839678104e+02
2.811980936361957220e+02
2.812972323520723990e+02
2.814358503972427457e+02
2.816154214142557635e+02
2.818374731199197072e+02
2.821035866474653631e+02
2.824153955979733723e+02
2.827745847626765681e+02
2.831828884748262567e+02
2.836420885468324400e+02
2.841540117453955077e+02
2.847205267543687341e+02
2.853435405721869529e+02
2.860249942879151490e+02
2.867668581773911569e+02
2.875711260586285789e+02
2.884398088437120009e+02
2.893749272229572966e+02
2.903785034162488614e+02
2.914525519263387991e+02
2.925990692296489328e+02
2.938200223419254939e+02
2.951173361991319553e+02
2.964928797984302946e+02
2.979484510501909540e+02
2.994857602999092592e+02
3.011064124889044251e+02
3.028118879349599979e+02
3.046035217288450667e+02
3.064824817601325435e+02
3.084497454060895620e+02
3.105060749407946332e+02
3.126519917481452353e+02
3.148877494520985465e+02
3.172133061103102136e+02
3.196282956531800323e+02
3.221319987889575600e+02
3.247233136366559734e+02
3.274007263915793828e+02
3.301622823726470415e+02
3.330055578455828709e+02
3.359276330604461123e+02
3.389250669847298809e+02
3.419938742530115405e+02
3.451295048893678086e+02
3.483268273878110790e+02
3.515801157570674604e+02
3.548830411472346782e+02
3.582286686753473077e+02
3.616094600527910643e+02
3.650172825881315930e+02
3.684434250927602648e+02
3.718786211526150964e+02
3.753130801463435091e+02
3.787365262883835726e+02
3.821382458549084618e+02
3.855071426124742402e+02
3.888318013153541983e+02
3.921005589705642933e+02
3.953015833929188716e+02
3.984229583903088496e+02
4.014527747366717563e+02
4.043792259122937480e+02
4.071907074240289148e+02
4.098759183678004092e+02
4.124239637683850219e+02
4.148244561326624762e+02
4.170676145873235328e+02
4.191443599446898816e+02
4.210464040538732320e+02
4.227663318507229633e+02
4.242976746190861377e+02
4.256349731164430636e+02
4.267738293959705516e+02
4.277109463699511025e+02
4.284441544002330033e+02
4.289724244630032217e+02
4.292958677094594009e+02
4.294157215225123991e+02
4.293343224437202252e+02
4.290550666057910121e+02
4.285823585463217569e+02
4.279215494910392863e+02
4.270788663739459139e+02
4.260613330031513897e+02
4.248766848820209248e+02
4.235332792544308518e+02
4.220400019607770332e+02
4.204061726697697168e+02
4.186414499930705801e+02
4.167557378996593798e+02
4.147590947294040120e+02
4.126616459661539693e+02
4.104735017755268700e+02
4.082046801471727235e+02
4.058650363112214450e+02
4.034641989289673916e+02
4.010115133931921605e+02
3.985159924177524431e+02
3.959862739523385926e+02
3.934305863290218781e+02
3.908567204340235435e+02
3.882720086019893415e+02
3.856833098512601055e+02
3.830970010169260149e+02
3.805189732931347066e+02
3.779546336660887960e+02
3.754089107030545733e+02
3.728862641589517466e+02
3.703906978690387177e+02
3.679257754121538255e+02
3.654946380522398499e+02
3.631000244948701834e+02
3.607442920287134598e+02
3.584294386579653064e+02
3.561571258695336724e+02
3.539287017171489538e+02
3.517452239426917231e+02
3.496074828921723565e+02
3.475160240193753793e+02
3.454711698037616543e+02
3.434730409404826332e+02
3.415215766890983105e+02
3.396165542936865904e+02
3.377576074104519535e+02
3.359442434997066016e+02
3.341758601572986436e+02
3.324517603763000579e+02
3.307711667432043896e+02
3.291332345841761367e+02
3.275370640862228129e+02
3.259817114257088519e+02
3.244661989425817978e+02
3.229895244032173309e+02
3.215506693980783552e+02
3.201486069225944107e+02
3.187823081909482994e+02
3.174507487329522633e+02
3.161529138240277916e+02
3.148878032975966903e+02
3.136544357880388816e+02
3.124518524508727637e+02
3.112791202050470361e+02
3.101353345402630453e+02
3.090196219301383849e+02
3.079311418898274155e+02
3.068690887144681483e+02
3.058326929325738774e+02
3.048212225062508764e+02
3.038339838079313040e+02
3.028703224011782709e+02
3.019296236510611493e+02
3.010113131876285593e+02
3.001148572441255737e+02
2.992397628898201560e+02
2.983855781756213332e+02
2.975518922090884075e+02
2.967383351739483146e+02
2.959445783078513728e+02
2.951703338508027059e+02
2.944153549755039876e+02
2.936794357097195416e+02
2.929624108597442955e+02
2.922641559430822440e+02
2.915845871375479987e+02
2.909236612531687456e+02
2.902813757324805692e+02
2.896577686840855108e+02
2.890529189536450758e+02
2.884669462358349392e+02
2.879000112301650915e+02
2.873523158429709383e+02
2.868241034373014031e+02
2.863156591318607411e+02
2.858273101495956894e+02
2.853594262159532491e+02
2.849124200062582872e+02
2.844867476410698828e+02
2.840829092277625705e+02
2.837014494459351113e+02
2.833429581735746297e+02
2.830080711501798305e+02
2.826974706722779160e+02
2.824118863159407624e+02
2.821520956800108024e+02
2.819189251427819158e+02
2.817132506238334599e+02
2.815359983415801821e+02
2.813881455558721996e+02
2.812707212836456279e+02
2.811848069741837435e+02
2.811315371289881568e+02
2.811120998495810568e+02
2.811277372947492381e+02
2.811797460268021496e+02
2.812694772243399370e+02
2.813983367368168729e+02
2.815677849538405439e+02
2.817793364596660126e+02
2.820345594407427825e+02
2.823350748114500561e+02
2.826825550203329271e+02
2.830787224962463711e+02
2.835253476908471271e+02
2.840242466708797338e+02
2.845772782107180774e+02
2.851863403326962612e+02
2.858533662399456148e+02
2.865803195838184365e+02
2.873691890055973204e+02
2.882219818901530743e+02
2.891407172676308619e+02
2.901274177982233482e+02
2.911841007747708545e+02
2.923127680784562585e+02
2.935153950243955023e+02
2.947939180366469714e+02
2.961502210962581785e+02
2.975861209116440023e+02
2.991033507680579078e+02
3.007035430223917842e+02
3.023882102212472205e+02
3.041587248343722649e+02
3.060162976123612566e+02
3.079619545971546017e+02
3.099965128365083729e+02
3.121205548793435582e+02
3.143344021577892136e+02
3.166380873937984575e+02
3.190313262033383239e+02
3.215134881091449301e+02
3.240835672135701770e+02
3.267401528256807524e+02
3.294814003808913867e+02
3.323050030362633152e+02
3.352081643692205262e+02
3.381875726507108766e+02
3.412393772044603111e+02
3.443591674004470633e+02
3.475419548614395922e+02
3.507821594846170115e+02
3.540735998940857598e+02
3.574094889426266946e+02
3.607824348703947521e+02
3.641844487027939294e+02
3.676069584278011462e+02
3.710408304333431033e+02
3.744763986070515784e+02
3.779035014034579945e+02
3.813115270676287878e+02
3.846894670702862982e+02
3.880259776592314438e+02
3.913094492678177971e+02
3.945280833465647561e+02
3.976699760027595403e+02
4.007232076498294191e+02
4.036759376887148960e+02
4.065165030732360947e+02
4.092335194565594065e+02
4.118159834823956089e+02
4.142533746782818298e+02
4.165357553344900907e+02
4.186538667152050266e+02
4.205992199519994301e+02
4.223641800153812937e+02
4.239420412488801162e+02
4.253270930807866534e+02
4.265146746986392827e+02
4.275012176766578023e+02
4.282842757809211776e+02
4.288625414342924387e+02
4.292358485950768454e+02
4.294051620817187427e+02
4.293725536517983414e+02
4.291411654086330145e+02
4.287151613548699061e+02
4.280996681323932194e+02
4.273007061756189273e+02
4.263251126561484057e+02
4.251804577076487703e+02
4.238749554891771822e+02
4.224173716729726493e+02
4.208169289305069469e+02
4.190832119411288090e+02
4.172260733648822111e+02
4.152555421098167017e+02
4.131817350897331380e+02
4.110147735165176641e+02
4.087647046078097333e+02
4.064414294213192420e+02
4.040546373569122807e+02
4.016137477013229500e+02
3.991278584320949108e+02
3.966057023504425274e+02
3.940556104797364014e+02
3.914854825490949111e+02
3.889027642812073395e+02
3.863144311204947599e+02
3.837269779718943141e+02
3.811464144713292512e+02
3.785782652752830586e+02
3.760275748375266289e+02
3.734989161344318518e+02
3.709964028047989473e+02
3.685237041840321695e+02
3.660840627341315212e+02
3.636803133987068009e+02
3.613149044445372056e+02
3.589899193867105964e+02
3.567070996318276457e+02
3.544678675120781008e+02
3.522733494212527603e+02
3.501243988011955821e+02
3.480216187632049127e+02
3.459653841629921658e+02
3.439558629796597984e+02
3.419930368785222754e+02
3.400767208643444519e+02
3.382065819556401607e+02
3.363821568320834103e+02
3.346028684259008514e+02
3.328680414444393705e+02
3.311769168250877442e+02
3.295286651355286267e+02
3.279223989420893872e+02
3.263571841769242496e+02
3.248320505410853798e+02
3.233460009854040891e+02
3.218980203146820713e+02
3.204870829631501579e+02
3.191121599906482516e+02
3.177722253496519329e+02
3.164662614732567363e+02
3.151932642336436743e+02
3.139522473194969621e+02
3.127422460794251720e+02
3.115623208767240726e+02
3.104115599988970757e+02
3.092890821632675511e+02
3.081940386578388598e+02
3.071256151543229862e+02
3.060830332280024777e+02
3.050655516168505414e+02
3.040724672501273176e+02
3.031031160745232000e+02
3.021568737038406312e+02
3.012331559162155941e+02
3.003314190209734420e+02
2.994511601154102891e+02
2.985919172500827585e+02
2.977532695195827728e+02
2.969348370942664133e+02
2.961362812069963866e+02
2.953573041076425056e+02
2.945976489968596184e+02
2.938570999495234446e+02
2.931354818371461306e+02
2.924326602576114169e+02
2.917485414796540226e+02
2.910830724086575287e+02
2.904362405795534983e+02
2.898080741818589559e+02
2.891986421211937568e+02
2.886080541209585135e+02
2.880364608672256281e+02
2.874840541992933254e+02
2.869510673477684577e+02
2.864377752214733164e+02
2.859444947439056364e+02
2.854715852394155036e+02
2.850194488686903469e+02
2.845885311125523458e+02
2.841793213024658940e+02
2.837923531955186149e+02
2.834282055909708902e+02
2.830875029847592259e+02
2.827709162575804385e+02
2.824791633913698092e+02
2.822130102081085852e+02
2.819732711239486207e+02
2.817608099106143982e+02
2.815765404549323421e+02
2.814214275061281114e+02
2.812964873992294770e+02
2.812027887414945440e+02
2.811414530472575848e+02
2.811136553049337863e+02
2.811206244581471196e+02
2.811636437810378766e+02
2.812440511257655089e+02
2.813632390180433163e+02
2.815226545742286248e+02
2.817237992110455025e+02
2.819682281164429583e+02
2.822575494473967979e+02
2.825934232176662135e+02
2.829775598356254136e+02
2.834117182493383780e+02
2.838977036530530427e+02
2.844373647063010822e+02
2.850325902138428660e+02
2.856853052118466962e+02
2.863974664030061490e+02
2.871710568808455832e+02
2.880080800813377095e+02
2.889105528982489659e+02
2.898804978974630444e+02
2.909199345650277451e+02
2.920308695239771737e+02
2.932152856562548777e+02
2.944751300684773128e+02
2.958123008440211379e+02
2.972286325291872799e+02
2.987258803082060581e+02
3.003057028308125496e+02
3.019696436672630284e+02
3.037191113792005126e+02
3.055553582109146191e+02
3.074794574244754131e+02
3.094922793241100294e+02
3.115944660401656279e+02
3.137864051711348452e+02
3.160682024135171559e+02
3.184396533436817549e+02
3.209002145532127201e+02
3.234489743791676233e+02
3.260846235128531134e+02
3.288054258145446056e+02
3.316091897063285501e+02
3.344932405600192169e+02
3.374543945408205445e+02
3.404889344087981158e+02
3.435925878178638300e+02
3.467605086842529545e+02
3.499872622216553282e+02
3.532668142564195932e+02
3.565925254416894177e+02
3.599571509820893880e+02
3.633528464588598581e+02
3.667711803075333137e+02
3.702031534449891410e+02
3.736392264690441039e+02
3.770693547610990208e+02
3.804830317108352347e+02
3.838693401522375552e+02
3.872170119537655637e+02
3.905144955445356914e+02
3.937500309859547656e+02
3.969117320181995296e+02
3.999876743278430240e+02
4.029659891020005489e+02
4.058349607613064904e+02
4.085831276048458562e+02
4.111993839609172028e+02
4.136730823240882273e+02
4.159941338768306878e+02
4.181531057477689046e+02
4.201413133518964855e+02
4.219509061934194278e+02
4.235749455901392935e+02
4.250074728988872153e+02
4.262435669822386330e+02
4.272793898537494215e+02
4.281122196669546724e+02
4.287404704657519687e+02
4.291636983829369569e+02
4.293825942512290226e+02
4.293989628684582271e+02
4.292156894270562475e+02
4.288366938693966972e+02
4.282668741574492515e+02
4.275120396412913806e+02
4.265788358712547961e+02
4.254746623193364030e+02
4.242075845550402278e+02
4.227862424586650718e+02
4.212197560523726452e+02
4.195176304886614957e+02
4.176896616608254931e+02
4.157458437951845553e+02
4.136962802556137149e+02
4.115510986428228648e+02
4.093203711097306723e+02
4.070140406458197617e+02
4.046418539128891894e+02
4.022133010470019485e+02
3.997375626808805578e+02
3.972234642910588036e+02
3.946794378375205383e+02
3.921134905423597843e+02
3.895331805494633386e+02
3.869455991199626510e+02
3.843573589482253965e+02
3.817745881299697999e+02
3.792029292767516040e+02
3.766475432483582608e+02
3.741131169650685706e+02
3.716038747636771404e+02
3.691235927729507011e+02
3.666756158040879541e+02
3.642628762781478144e+02
3.618879147437465349e+02
3.595529015731757454e+02
3.572596594621780355e+02
3.550096863968189496e+02
3.528041787892396997e+02
3.506440545217804470e+02
3.485299756753636871e+02
3.464623707526306475e+02
3.444414562387476622e+02
3.424672573727865483e+02
3.405396280299772798e+02
3.386582696398551207e+02
3.368227490873776446e+02
3.350325155635271699e+02
3.332869163488341542e+02
3.315852115277996859e+02
3.299265876445078902e+02
3.283101703199863550e+02
3.267350358602624851e+02
3.252002218907737756e+02
3.237047370579918493e+02
3.222475698429978479e+02
3.208276965344612677e+02
3.194440884101925349e+02
3.180957181773000571e+02
3.167815657211216944e+02
3.155006232126455643e+02
3.142518996231845563e+02
3.130344246937315233e+02
3.118472524047735988e+02
3.106894639904666064e+02
3.095601705390221241e+02
3.084585152190014128e+02
3.073836751689839843e+02
3.063348630858271804e+02
3.053113285444831604e+02
3.043123590801262708e+02
3.033372810611782597e+02
3.023854603797228151e+02
3.014563029837873387e+02
3.005492552740428209e+02
2.996638043856440277e+02
2.987994783741991114e+02
2.979558463232288545e+02
2.971325183889418327e+02
2.963291457967206952e+02
2.955454208023758724e+02
2.947810766299764396e+02
2.940358873969084357e+02
2.933096680357348305e+02
2.926022742214273080e+02
2.919136023116138858e+02
2.912435893066172525e+02
2.905922128352546565e+02
2.899594911716143315e+02
2.893454832873155738e+02
2.887502889430908795e+02
2.881740488228936670e+02
2.876169447131258039e+02
2.870791997289925348e+02
2.865737060624414312e+02
